0 6 49 71
1 4 49 50 51 52 63 67 80
2 20 21 30 49 59 80
3 20 21 34 46 50 52 80
4 29 40 49 52 54 71
5 29 52 54 71 80
6 7
7 27 51
8 21 50 51 54 59 63 68
9 57
10 4 20 63
11 57 80
12 27 39 49 51 52 68
13 2 80
14 7 54
15 4 18 29 49
16 29 31 50 54 67 68 73
17 29 31 44 68 71 80
18 20 28 29 40 54 63 68
19 20 31 40 50 51 63 80
20 8 40 49 50 54 68 74
21 74
22 34 52 54 63 67 80
23 9 20 49 59 68 75 80
24 51 63
25 14 31 34 49 63
26 18 47 51 54 59 80
27 21 30 49 51 63 77
28 29 46 49 51 62
29 6 7
30 31 44 50 54 63
31 9 11 19 20 46 49 54
32 52 63 67 71
33 2 29 49 50 54 69 71 75
34 51 54
35 7 47 50 80
36 2 7 9 20 63 68 71 81
37 26 47 49 51 59
38 46 47
39 9 22 50 54 59 63 68 80
40 27 29 46 50 54 71
41 63
42 52
43 9 29 54 63 71 77 80
44 31 49 71 73
45 38 43 51 54 71 80
46 7 19 24 29 49 50 63 70
47 6 63 68 78
48 6 7 20 29 34 40 68
49 7 9 18 46 71
50 9 46 54 67 68 77
51 20 21 72 73 78
52 20 38 49 52 54 83
53 20 51
54 51 54 63 71
55 54 63 71 76 80
56 21 50 54 63 71 79 80
57 4 21 57 63 77 80
58 50 52 74 77
59 21 31 59 80
60 6 49 62 71
61 2 20 51 54 80
62 11 21 46 52 64 70
63 2 29 50 65 68
64 21 43 50 54
65 3 20 22
66 9 32 34 59 80
67 20 38 52 62 68
68 6 9 68
69 9 20 51 54
70 1 7 9 10 50 54
71 3 49 54 68
72 29 68
73 40 49 54 63
74 49 51 54 59
75 7 20 45 49 50 51 54 68
76 50 68
77 34 44 51 68 71 73 80
78 20 21 29 69 80
79 18 20 34 52 81
80 21 40 70 71 77
81 7 36 49 68
82 4 40 51 59 68 80
83 29 31 34 51 62 71 80
84 9 39 52 54 63 68 71
85 28 39 49 50 67 68
86 29 68 80
87 20 48 51 52 77 80
88 0 2 7 29 46 50 51 63
89 49 63 68
90 20 22 47 51 52 63 71 80
91 30 47 54 68 71
92 6 40 50 63 71
93 41 46
94 20 29 51 68 80
95 7 51 63 68
96 20 28 29 49 51 52 54
97 21 28 29 39 68
98 20 29 49 51 80 82
99 9 21
100 50 63 71
101 20 40 50 52 75
102 34 49 52 68 70 73 80
103 4 9 49 52 54 68 73
104 40
105 9 63
106 13 21 22 34 42 51 58 63
107 28 68
108 12 51 54 56 63 80
109 2 20 29 50 51 54 59 68
110 46 59
111 20 29 49 52
112 48
113 7 20 34 51 71
114 0 18 28 49 59 67 71
115 2 49 50 63 68 75 77 80
116 40 51
117 2 40 42 49 63 67 68 71
118 19 22 40 53 71 80
119 18 31 41 50 52 54 71
120 6 7 21 29 50 51 71
121 6 7 49 51 54 64 71 80
122 22 34 51 54 62 68
123 3 50 52 70 80
124 39 51 80
125 20 44 49 50 54 59 80
126 6
127 6 20 44 63 68
128 28 30 54 63
129 6
130 54
131 4 30 49 67 68 71 77 80
132 20 30 32 50 63 73 74
133 67 71
134 21 51 80
135 21 50 63
136 10 22 27 29 49 71
137 50 67 80
138 51 52 63 68 71
139 24 29 31 50 51 63 73
140 27 49 51 52 54 71
