0 1 35
1 26 29 34 37 45 49
2 20 21 24 25 28 34 43 45 49
3 7 12 23 26 29 45
4 5 21 26 30 37 43 45
5 19 28 34 45
6 18 21 26 28 32 37 41 45
7 12 39
8 43 49
9 14 20 21 28 30 34 35 43 45
10 7 10 28 34 44
11 21 26 29 41 43 45
12 20 34 41
13 13 41 43 45 49
14 41 43 44 45
15 25 26 29 37 41 43 45 46
16 23 26 27 28 32 41 43 46
17 41 45
18 25 45
19 45
20 29 33
21 7 8 31 45
22 2 21 26 29
23 21 24 26 30 43 44
24 26 34 43
25 25 34
26 6 28 29 41 44 45
27 26 44
28 2 13 22 45 49
29 2 21 26 28 29 45 48
30 20 21 25 28 35 43 45
31 28 29 30 45 48
32 12 15 26 29 34 37 45 49
33 25 41 42 45
34 7 29 34 36 40 43 44 45
35 0 47
36 7 21 30 44
37 29 45
