0 13 21 34 45 46 50 52 56
1 5 25 26 34 36 49 53
2 6 8 13 20 32 41 46
3 5 15 17 28 34 47 52 55
4 47 52
5 13 14 28 39 46
6 13 27 32 34
7 0 17 25 27 52
8 5 13 18 33 43
9 13 53 55
10 14 28
11 5 13 20 40 41 46 49 53
12 25 26 27 29 38 40 51 55
13 19 20 31 43 44 49 52
14 13 17 20 27 34
15 5 14 28 47
16 3 14 17 20 38 49 56
17 0 28
18 3 6 13 19 23 56
19 3 20 34 46 58
20 14
21 33 46 55
22 20 29 36 38 44 50 51
23 20 22 31 46 47
24 13 25
25 0
26 12 43 53
27 8 10 13 14 18 20 25 52
28 6 12 34 46 48 56
29 13 14 20 25 55
30 47
31 11 13 18 22 27 46 56
32 52
33 6 13 17 28 45 47 49 51
34 0 13 17 31 46 56
35 8 13 14 20 52 57
36 11 15 20
37 5 11 20 40 50
38 4 6 13 20 28 30 45 46
39 4 10 20 47 51 53 58
40 56
41 14 16 17 48
