0 35 44 45
1 1 35 42 52 57
2 52
3 0 27 48
4 5 10 13 16 42 50 52 57
5 0 2 5 13 21 27 53
6 0 6 36 45
7 0 7 10 18 44 61
8 26 37 46
9 1 11 12 16 19 32
10 1 7 10 16 17 21 44 60
11 3 13 16 19 30 61
12 13 51 57 61
13 1 28
14 11 13 43 44
15 10 14 16 40
16 0 5 7 10 14 17 44 52
17 2 7 16
18 0 7 10 43 52 57
19 10 13 17 37 39 43 52 57
20 11 35 40 59
21 16 52 61
22 7 20 31 52
23 15 21 59
24 6 10 17 35 37 45 52 60
25 0 17 18 36 47 56 61
26 10 13 16 17 29 58
27 0 1 7 21 50 51
28 7 10 18 39 62
29 23 35 42 44 47 55 56 57
30 0 44
31 7 13 16 19 31 36 38 52
32 7 16 18 35 39 52 56 62
33 4 13 52 59
34 27 40
35 17 18
36 0 10 21
37 1 10 17 38 46 59
38 4
39 1 7 47 52
40 1 3 10 17 20 60
41 10 13 42 43 52
42 16 57
43 0 21 31 32
44 5 10 21 24 27 31 60
45 2 7 17 21 30 35
46 1 3 14 20 22 55 57 58
47 7 10 13 21 47
48 7 15 19 24 28 36 43 52
49 4 10 12 13 24 52
50 5 10 12 14
51 2 14 45 61
52 4 10 16 19 30 39 52 57
53 0 7 13 31 32 43
54 10 27
55 4 7 10 13 35 57
56 0 13 27 47 59
57 19 33
58 0 17 22 24 32 44 61
59 0 8 13
60 9 10 13 16 38 44
61 1 10 11 43 52 59 62
62 10 41
63 7
64 3 7 10 23 31 32 52 59
65 0 1 7 10 12 16 40 59
66 7 38 44
67 4 57
68 3 6 13 24 35 61
69 7 13 23 27 31 44 48 52
70 7 17 18 22 36 57
71 1 13 53 59
72 0
73 16 27 57
74 16 33 35 48 61
75 10 27
76 0 7 10 13 16 21 43
77 1 7 17 44 52
78 0 7 13 35 52
79 25
80 0 28
81 0 13 49 52 57
82 0 8 10 13 35 52
83 0 7 10 11 17 26 27
84 0 3 17 53 59
85 57
86 1 20 28 35 52
87 32 35 43 44
88 1 11 39 59
89 1 56
90 36 50 56
91 1 38 39 43 60
