0 9 11 13 37 67 69 71
1 11 13 29 44 63
2 2 5 13 63 67 73
3 33 57 59 60 67 73
4 7 9 13 30 35 59 65 67
5 1 30 61 72
6 38 58 70
7 20 25 37 63 75
8 13 42
9 30 33 42 43
10 52 55
11 11 18 37
12 12 14 23 42 59
13 71
14 9 22 30 44 48 59 75
15 19 23 33
16 9 27 37 65
17 6 16 28 50 69
18 21 36 61
19 8 54
20 13 37 40 67
21 21 37 45 67
22 13 46 58
23 56
24 1 9 23 25 43 59 65
25 53 59
26 11 38 39 42 46 52 55 59
27 9 14 37 39 58 60 61 67
28 7 10 40 52 61 66
29 11 12 40 49 59 67
30 1 15 23 29 31 53 64
31 42
32 4 10 12 32 46
33 7 11 12 20 39 44 58 70
34 14 59
35 16 27 72
36 13 21 36 66 67
37 11 74
38 0 23 53 69
39 31 58 59 70
40 7 60 63 67
41 7 12 26 39 42 49 53 70
42 9 12 19 52 56
43 1 20 39 42 60
44 4 24 27 52 53 58 62 67
45 7 59
46 1 3 15 52 58
47 2 4 29 39 44 50 52 61
48 27
49 7 13
50 4 19 41 46
51 7 41 65
52 46 47 50 59 67 73
53 42 67
