0 0 36
1 80
2 33 47
3 36
4 28 75
5 6
6 77
7 54
8 69
9 13 58
10 69
11 21
12 81
13 6 8
14 5 55
15 11 38
16 18
17 0 54
18 9 16
19 35
20 31 73
21 12 39
22 23
23 4 41
24 4
25 8
26 14 77
27 38 50
28 38
29 3 12
30 4 33
31 22 57
32 10 12
33 24 26
34 19
35 30
36 18 54
37 23
38 34 66
39 22 35
40 18 76
41 76
42 16 71
43 24
44 11 39
45 2 81
46 27 69
47 58 60
48 51
49 37 38
50 14 41
51 5 32
52 32 50
53 22 38
54 8 65
55 9 60
56 78 81
57 22 31
58 28
59 1 28
60 24
61 38 75
62 5 75
63 13
64 38
65 34 78
66 41 81
67 30 45
68 53
69 28 71
70 15 42
71 12 64
72 28 37
73 69
74 67 79
75 58 68
76 28 69
77 10
78 15
79 22 26
80 18 76
81 62 80
82 20 48
83 11 71
84 39
85 22 43
86 38 73
87 11
88 20 62
89 22 30
90 18
91 28 56
92 65
93 69
94 3 81
95 38
96 82
97 35
98 14 23
99 61
100 6 12
101 4 36
102 69
