0 31 32
1 32 41
2 68
3 60 82
4 32
5 2 29
6 32 41 78
7 13 49 79
8 82 85
9 2 31 53
10 83
11 38 60 80
12 14 32
13 20 32
14 59
15 30 65 68
16 41 58 59
17 3 39
18 7 32
19 5 59
20 31 72 81
21 32 56 78
22 78
23 28 29
24 25 38 57
25 20 25
26 58 88
27 39 53 59
28 24 88
29 84
30 20 32
31 8
32 21 30 46
33 28 69 94
34 31 32
35 25 32
36 20 60
37 32 41
38 32 38 69
39 20
40 31 92
41 2 31 59
42 30 32 41
43 5 25 92
44 38 39 83
45 25 32 85
46 2 32 70
47 76
48 13 31 32
49 41 59
50 37 53
51 5 20 38
52 39
53 37 55 76
54 41 51 60
55 22 92
56 36 78
57 41 68 71
58 5 12 32
59 27 78
60 41 92
61 68
62 32 39 58
63 41 45
64 53 68
65 25
66 32 60
67 7 58 65
68 32 87
69 20 38
70 20 31 76
71 31 38 41
72 31 69
73 32 72
74 5 20
75 28 38
76 26 32
77 5 38
78 29 62 68
79 71
80 48 83
81 3 78 90
82 12 58 76
83 32 38
84 11 25 41
85 32 68
86 31 39 45
87 18 31 76
88 32
89 12 58
90 26 41
91 15 88 95
92 31 32 85
93 41 68 78
94 53
95 25 32 72
96 4 30 32
97 2 41
98 26
99 37 53
100 20 68
101 68
102 24 32
103 20 29
104 12
105 41 65 66
106 2 31 68
107 31 60
108 20 32 60
109 36 58
110 32
111 1 39
112 29 88
113 56
114 25 37
115 31 83
116 78
117 28 41 73
118 35 53
119 31 60 92
120 76
121 13 20 38
