0 20 63 73
1 51 90
2 6 41 66
3 46 73
4 6 51 62 68
5 20 44 71 77
6 71 93
7 46 71 91
8 30 73 77 91
9 6
10 49 63 87
11 2
12 43 53 67
13 77 93
14 18 34
15 21 46 51 63
16 51
17 34 73
18 20 60
19 7 9 90 91
20 7 51
21 37 49 66
22 7 77 90 91
23 30
24 34 66 77
25 10 80
26 1 14 71 77
27 6 66 91
28 67
29 63
30 6 60 77
31 34
32 30 36 67
33 20 60
34 21 62
35 42 71
36 46 58 73
37 6 91
38 20 30
39 77 90
40 31 67
41 30 37 73 92
42 6
43 71
44 77 91
45 73
46 12 45 51 60
47 6 73
48 1 6 53 91
49 77
50 25 60 66 73
51 66
52 34 46 63 77
53 20 91
54 37 58 60
55 61
56 51 84
57 1 91
58 6 37
59 66
60 20
61 14 20 34 63
62 85
63 73 90
64 14 60 66
65 46 77
66 20 34 53
67 46 58 60 67
68 37 66 93
69 18 66
70 34 63 73 92
71 45 46 60 63
72 50
73 59 73 77 85
74 37 60 80 91
75 41 45 73
76 58 87 91
77 20 30
78 51 63 73 91
79 73 77
80 18 61
81 66 91
82 20 51 89
83 34 51 63 84
84 30 51 61 84
85 91
86 6 20 60
87 6 20 45 91
88 63
89 20 73 81
90 20 34 51 60
91 63
92 46 73
93 34 51 63 84
94 37 46 50
95 14 20 63
96 1 2 51 71
97 2
98 20 77
99 72 73 76
100 53 63
101 41 60 77 81
102 11 76 77 90
103 43 58
104 34
105 20
106 45 73
107 21 60
108 46 62
109 15
110 14 73
111 51 70 77
112 46
113 34 60 68 89
114 30 45 46 51
115 6 91
116 41 90
117 66 91
118 6 20 30 63
119 77
120 19 67 73 91
121 45 60 63 77
122 50 70
123 1 37 61 66
124 46 91 93
125 20 41 51 63
126 20 37 77 91
127 1 46
128 20 30 82
129 51 60 73
130 66 73 91
131 1 45
132 14 19
133 66
134 41 45 78
135 51 91
136 47
137 21 66 68 91
138 6 17 54
