0 6 15 23 30 34 44
1 3 5 6 9 15 23 34
2 6
3 6 14 15 26
4 5 14 23 24 29 34 46
5 1 6 13 14 15 17 23 34
6 4 5 10 15 23 34
7 3 15 23 30 34
8 5 6 15 19 23 34 36 37
9 6 23 34
10 2 6 15 23 31 34
11 9 14 15 30 34
12 2 3 5 6 23 27 34 39
13 6 21 34 35 43 46
14 6 15 23 34 37
15 5 6 13 15 19 23 30 34
16 0 2 6 16 23 34 46 48
17 1 34
18 4 6 8 21 31 34 36 37
19 6 23 30
20 5 6 8 15 23 34
21 1 5 6 23 34
22 20
23 5 6 23 34 46 49
24 29 34
25 6 23 34 45
26 6 23 29
27 1 3 6 12 14 23 34 42
28 6 15 21 23 29 34 35 36
29 5 6 15 25 26 37
30 5 6 15 17 23 34 35 37 39
31 4 6 15 16 19 21 23
32 1 6 23 34
33 6 45 48
34 2 46
35 5 34
36 6 8 14 15 23 34
37 6 43
38 6 34
39 6 23 28 34 39
40 5 6 15
41 6 39 47 49
42 5 6 8 13 19 23 34 44 48
43 6 13
44 6 9 17 23 33 34 46 49
45 6 33 34
46 26
47 4 5 7 23 34 35
48 6 14 23
49 5 6 16 33 34 41
50 0 1 3 5 6 14 23 34
51 5 6 18 21 31 34 49
52 5 15 18 34 40
53 6 17 23 34
54 3 5 6 23 29 30 34
55 5 6 15 23 25 30 34
56 6 11 15 23 34 47
57 2 5 6 9 17 23 30 34 49
58 5 9 23
59 0 4 5 6 15 23 34
60 17 23 29
61 5 10 14 15 23
62 23 33 34
63 5 6 11 15 22 23 33 34 48
64 5 6 10 15 23 34 38
65 1 6 14 17 23 28 34
66 6 19 40
67 6 8 23 25 30 34 38 41
68 5 6 15 23 24 34
69 5 6 14 23 28 30 48
70 2 5 6 29 37
71 6 14 23
72 5 6 23 35 48
73 5 6 15 23 29 34 44
74 6 9 23 46
75 23 30
76 6 34
77 6
78 1 6 19 23 31 34
79 1 5 6 11 23 34 44
80 1 5 6 10 22 30 34 37 46
