0 54 66
1 27
2 17 19 29 35
3 29
4 32 72 73
5 11 19 26 46
6 32 37 71
7 27
8 4 12 17
9 29
10 7 37
11 29 37
12 7
13 37 54
14 5 29 66
15 7 19 72
16 29 46 66 72
17 55 79
18 19 46 79
19 26 34
20 17 29 55 79
21 27 61 66 76
22 16 19 27
23 67 79
24 5 23 27 37
25 16 79
26 16 19
27 37
28 32 59 68 79
29 16 17
30 67 79
31 26 37 46 79
32 32
33 19 46 52 76
34 5 66 71
35 17 37 54
36 46 51 69 79
37 5 55 67 69
38 71
39 27 55
40 16 29 75
41 4 23 54
42 29 36 46 66
43 29 43 54 79
44 54 66 79
45 35 46 54 67
46 4 19 43 68
47 5 29 55 66
48 32 39 55
49 37 51 78
50 54
51 27 31 55
52 27 46
53 29
54 4 16 37 54
55 54 79
56 4 16 29 79
57 37 43 48
58 29 37 71
59 26 54 55 66
60 27 66
61 10 26 37 43
62 17 29 54
63 11 16
64 46
65 19
66 79
67 11 20 27
68 79
69 29 54 66
70 29 79
71 66 75
72 46 79
73 2 46 66
74 66
75 5 46 72
76 7 29 66
77 66
78 2 66
79 27 37
80 29 43 66 72
81 5 52
82 16
83 54
84 4
85 58 79
86 10 46 51 61
87 27
88 11 26
89 4 17 75 79
90 54
91 7 39 55
92 27 29 54 59
93 5 27 29
94 2 46 55 66
95 11 59
96 39 46
97 23 71 72 79
98 46 55 66
99 16 27
100 8 11 12
101 8 72
102 27 40
103 16 37 71
