0 3 4 7 48 54 55
1 8 31 40 53 55
2 42 48 54
3 21 34
4 31 40 55
5 3 11 14 34 55 60
6 31 34 44 48 53
7 3 15
8 14 47 55
9 18 36 40
10 9 21 36 42
11 3 4 31 38 53
12 3 53 54
13 3 4 36 40 55
14 4 8 34 36 53
15 6 22 42
16 9 15 18 21 34
17 40
18 14 15 55
19 15 21 42 46 53
20 4 7 53
21 4 42
22 4 34 36 48 53
23 11 14 15 31 34 43
24 3 31 33 53
25 11 14 15 34 53
26 11 36 47 53
27 55
28 8 14 40 54 55
29 9 14 15 21 33
30 3 11 15 40 55
31 9 11 15 36 53 55
32 18 19 31 42 44 56
33 18 34 42 52 55
34 11 31 59
35 46
36 14 20 21 58
37 6 18 42 50 53
38 4 11 14 40 54 55
39 15 26
40 4 42 54
41 3 31 36 40 55 56
42 11 14 15 31 40
43 18 31 50 53
44 11 34 53
45 8 14
46 21 53
47 15 48
48 11 40 42 53 55
49 55
50 14
51 14 42 44 54
52 12 20 31
53 3 4 11 34 36
54 53
55 40
56 4 55
57 4 14 27 48
58 9 15 40 55
59 11 36 50
60 3 14 27 31 34 39
61 47 53 54
62 34 40
63 11 31 36 40 50
64 3 31
65 40 42 47
66 14
67 4 15 34
68 31 42
69 8 48
70 3 9 31 34
71 3 11 14
72 4 53
73 3 15 31 59
74 11 14 34 40 42 57
75 9 34 50
76 4 11 42
77 4 14 42 47 53 54
78 36 47
79 14 34 42 51 54
80 8 11 13 42
81 36 54 58
82 14 31 36 47
83 40
84 9 53
85 36 38 45 53
86 4 53 55
87 21 34 36 55
88 21
89 15 34 55
90 3 14 23 36 61
91 11 18 31 44 55
92 11 34 53
93 6 14 15 18 54 55
94 31 56
95 3 4 15 36 54
96 14 34 36 44 53 55
