0 18 32 37 40 61
1 3 57 63
2 57 66
3 61
4 5 40 57
5 2 29 32 40 57
6 3 36 48
7 3 32 35
8 6 10 32 61
9 34 57 66
10 32 46
11 2 10 22 32 66
12 28 40 57 61
13 5 32 36 61 66
14 29 34 35 40
15 30
16 2 57 61
17 6 9 61
18 2 64
19 2 3 5
20 2 5
21 2 30 34 40
22 32 40 57
23 29 30 31 37 66
24 30 40
25 36 53
26 3
27 30 57 66
28 25 30 32 57 61
29 2 30 57
30 2 3 28 32
31 4 18 61 66
32 32 36 39 60
33 2 9 37 61
34 28 68
35 66
36 3 57
37 6 30 37 66 70
38 11 39 61
39 37
40 30 40 61
41 2 26 32 36 65
42 68
43 34
44 32
45 28 30 66
46 7 15 67
47 36 40 61 66
48 3 24
49 0 5 30 40 61
50 61
51 0 30 40 61
52 30 34
53 40 57 60 70
54 22 32 57 61
55 57
56 0 21 22 30 35
57 57 61 66
58 3 5 18 50
59 61
60 3 31 66
61 23 37 61
62 2 39
63 32 70
64 23 40 70
65 27 32 61
66 3 18 45 46 61
67 66
68 18 40 56 57 61
69 2 31 34 35 57
70 5 22 30 45 57
71 5 18 32 40 60
72 2 35 52
73 2 30 35 40 57
74 18 32 61
75 6
76 10 22 32 39 47
77 30 40
78 19 24 30
79 24 40
80 34 40
81 2 40
82 3 18 30 31 32
83 3 14 30 40
84 3 61
85 2 3 40
86 3 23
87 8
88 30 40 60 61
89 34
90 2 22 32 57
91 3 43 61
92 3 24 26 40
93 3 58
94 2
95 5 32 40 57 61
96 37
97 3 6 34 40 61
