0 8 34 66 73 84 90
1 15 44 73 76 90
2 2 33 45 51 65 78 88 96
3 2 8 34 43 44 45 69 79 82
4 8 44 73 74
5 2 38 44 69
6 37 40 44 45 55
7 39 73 75
8 2 15 37 39 44 45 50 55 73
9 37
10 21 34 44 46 49 73
11 16 31 32 36 39 44 45 64 69 73
12 17 34 44 73 93
13 55 63
14 14 16 37 62 73 90
15 15 44 49 53 73 78 92
16 44
17 2 39 40 44 50 73 75 93 98
18 28 39 50 51 57
19 10 16 34 44 45 49 55 57 76
20 11 14 37 44 50
21 2 24 27 45 73 95 96
22 2 24 44 45 49 62 73 92
23 24 51 88
24 8 31 51 69 73
25 11 15 28 50
26 37 44 55 93
27 4 35 46 73
28 2 15 34 45 51 58 83
29 27 50 87 95 97
30 7 34
31 34 44 60 69 78 90 93
32 34 36 45 49 73
33 37 39 44 48 50 70 78 87
34 10 25 44 50 73
35 0 39 46 48 66 69 86 92
36 0 2 18 19 44 45 69 73 85
37 28 73
38 14 34 39 44 56 72 89
39 24 73 79
40 40 45 46 50 57 61 79 94
41 2 13 18 34 37 39 44 63 90
42 94
43 44 57
44 66 69
45 8 22 23 26 27 29 44 46 47 50
46 2 16 37 40 45 49 66 69 73 88
47 39 44 69 73 84
48 55
49 51 71 78 90
50 8 45 78
51 10 34 37 39 45 78 82 93
52 2 45 69
53 8 28 36 44 59 66 73 90
54 39
55 14 19 27 34 39 44 45 54 73
56 50 66 67 98
57 2 37 44 45 51 55
58 3 10 29 37 39 42 45 49 73
59 2 21 28 37 69 73 84 95 96
60 8 16 44 45 69 73 76
61 94
62 50 69 73 78 90
63 16 19 20 34 37 39 58 73
64 37 44 45 49 69
65 19 49
66 8 13 34 44 45 48 50 73
67 34 35 37 44 45 50 67 74
68 12 34 40 44 45 55 73 78 92
69 11 34 37 44 45 50 73 85 92
70 2 8 9 12 34 39 44 66 69 73
71 9 18 19 34 39 44 45 50 78
72 34 37 44 49 50
73 8 34 66 69 73 85 89
74 34 44 51
75 37 45
76 36 37 39 44 47 55 83 93
77 2 15 44 51 65 72 73
78 44 55 71
79 37 39 62 69 78
80 39 40 44 45 46 66 89 92
81 14 24 37 44 46 69 73
82 2 27 45 73
83 12 37 44 50 73 95
84 49 54
85 19 28 41 44 45 55 73 92
86 37 46 73
87 44
88 10 13 24 40 44 45 50 66 73
89 18 34 37 45 46 48 52 69 73
90 34 40 45 73
91 3 34 37 44 45 50 59 72 73 77
92 90
93 13 34 37 39 55 73 93
94 2 40 45 50 73 81 84
95 2 40 44 45 46 53 55 90 96
96 37 40 44 45 69 73 89
97 2 10 31 73 78 83
98 6 16 35 37 40 42 44 73
99 13 39 44 45 86 94
100 8 26 44 49 73
101 2 73
102 16 20 37 40 43 44 45 49 62
103 19 27 34 39 44 49 73 89 90
104 2 28 37 44 48
105 29 40 50 51 55 62 69 73
106 6 44 45 50 73 78 92
107 10 28 37 44 45 50 62 73
108 2 27 34 36 37 41 44 50 69
109 16 39 44 49 97
110 2 19 34 39 44 78 93
111 37 73
112 34 41 44
113 15 28 36 37 44 76 79 80 93
114 36 41 43 44 69
115 2 18 19 41 44 45 55 69 73 83
116 12 34 37 51 69
117 10 34 41 77
118 44 45 69 73 79 87
119 31 46
120 36 37 44 45 50 70 73
121 44 74
122 9 45 55 62
123 3 34 37 44 45 55 73 78
124 26 62 88
125 37 44 52 73 88 90
126 34 45 55 57 65 73
127 31 34 37 42 44 45 57 69 73
128 34 44 69 73 78 83
129 34 44 45
130 2 6 11 37 44 67 83 88 97
131 37 44 55 73
132 73
133 2 44 45
134 4 15 45 55 93 97
135 20 73 78
136 19 34 37 49 77 96
137 27 44 45 47
138 2 10 30 44 45 73
139 19 44 69
140 34 41 44 45 62
141 70 90
142 26 44 45 63
143 39 44 92
144 44 73 90 93
145 8 16 33 34 40 43 44
146 23 30 39 45 51 92
147 34 69 73
148 2 34 44 45 55 69 73
149 12
150 16 78
151 39 44 55 69 72
152 19 28 44 49 50 56 60 88
153 44 49 50 73
154 16 41 45 49 50 53 73 75
155 34 44 45
156 8 15 19 30 37 44 45 64 69
157 8 45
158 2 36 37 44 45 55 57 73 78 93
159 19 45 55 61
160 2 25 34 37 44 50 55 73 96
161 34 37 46 92
162 7 20 30 39 44 46 78 93
163 2 19 26 44 69 73 78 80 93
164 2 16 26 40 50 58 76 90
165 73 78
166 37 39 40 45 52 69 83
167 37 44 51 55 63 69 80
168 58 73
169 35 44 45 73
170 37 45 78
171 19 34 44 49 55 66 73
172 19 34 37 40 44 51 69 73 94
173 16 33 44
174 8 27 37 44 69 92 94
175 2 21 23 41 44 50 83
176 34 45
177 2 19 21 37 44 46 89
178 44 73
179 34 44 69 78
180 8 40 44 50 69 75 78 93
181 26 30 34 42 45 75 90
182 2 10 41 88 90
183 27 44 49 63 69 73 90 98
184 5 19 34 39 44 45
185 10 16 37 45 69 73 79 94
186 44
187 50
188 28 31 37 66 90
189 12 16 44 45 59 69 73
190 44 66
191 16 36 40 44
192 2 8 34 49 50 92
193 40 60
194 94
195 16 30 36 72 73 83 93
196 28 34 44 49 50
