0 5 8 23
1 45 47
2 8 25 34 45
3 46
4 0 12 15 35
5 1 7 9 42
6 2 47
7 48 49
8 9 19
9 26 29
10 11 15 30
11 37 42 46 47
12 7 44
13 2 24 47 49
14 45
15 24
16 14 24 43
17 15 38 42
18 23 32 42
19 2 34
20 2 4 41
21 15 22 41
22 0 13 22
23 2
24 2
25 18 41
26 2 11 37
27 8 41 49
28 9 41
29 2 8 9 47
30 31 48
31 3 26 41
32 24
33 2 36 41
34 22 27 41 47
35 35 44
36 10 41 47
37 36
38 40 41 47
39 26 38 47
40 2 31
41 20 25 41
42 12 15 18
43 2 32 40 41
44 2 15 41
45 34
46 2 42
47 2 35
48 30
49 29 35 41 47
50 13 19 20 30
51 15 33 45 49
52 11 24
53 35
54 2 44
55 2 11 41 45
56 3 43 47
57 43 44
58 24 47 49
59 10 21 25 47
60 42 47
61 41
62 10 42 46
63 6 12
64 41 47
65 24
66 2 7 41
67 9 24
68 11
69 2 10 47
70 10 24 33
71 11 26 39 41
72 30
73 36
74 24
75 6 9 41 47
76 11
77 10 35 47
78 10
79 24 30 37 40
80 2 41 47
81 17
82 35
