0 10 76
1 22 79
2 31
3 31 34
4 36 54 81
5 58 65 76 79
6 5 71
7 65
8 5 9 68 76
9 5 32 54 79
10 9 31 68 78
11 30 54 58
12 9 58 65
13 78
14 54 63 79
15 22 36 63 83
16 10 24 31 63
17 8 36 57 73
18 10 54 71
19 5 11 22
20 5 12 76
21 5 10 22 63
22 31 71 73 74
23 68
24 32 73
25 10
26 65
27 71 76
28 31 51 54 56
29 81
30 31 81
31 51 55
32 5 23 71 81
33 5 6 54
34 27 31 54 71
35 0
36 56 63
37 31 36 76 79
38 51 54 65 78
39 32 65 71 78
40 5 22 31
41 63
42 10 24 76
43 5 10
44 10 71
45 78
46 54 65 71 83
47 5 32 71
48 54 76
49 22 55 71
50 31 55
51 78
52 27 29 71
53 31 32
54 65
55 9 31 63 79
56 5 16 66
57 10
58 36 53
59 14
60 6 31 36 51
61 3 31 65
62 54 60 79
63 32 71
64 9 74 79
65 26 32 71 81
66 36 65 68
67 9 79
68 28
69 24 28 54 79
70 54 65 76 78
71 5 68
72 31
73 38 75 82
74 59
