0 18 57
1 21 35 50
2 0 4 10 21 41
3 21 27 36 46
4 47
5 0 1 11 14 18 28
6 2 22 42 56 57
7 0 5
8 3 4 39
9 15 16 21 38 43 56
10 17 21 24 35 43 45
11 8 35 39 43 46
12 9 38 55 56
13 25 41
14 0 4 8 9 10 52
15 1 9 21 28 39 50
16 8 19 50
17 21 28 39 51
18 17 35 37 38 52
19 8 25 28 39 43
20 0 17 23 35 43 45
21 0 45 50
22 20 44 49 50
23 43 50
24 17 39
25 43 54
26 43 57
27 27 43 48
28 0 11 23 26 43
29 10 21 36 43 50
30 1 28 39 47 49 50
31 0 21 43 51
32 0 1 4 8 37
33 12 21 24 32 43 50
34 9 23 35 39 43 45
35 4 32 39 54 56 57
36 40 50
37 0 18 34 39
38 22 35 38 50 56
39 6 8 11 21 30 45
40 11 21 35 55
41 3 7 20 22 41
42 10 19 45 50 52
43 1 43 44
44 0 17 21 50
45 0 52
46 4 8 9 22 39 51
47 1 3 12 39 44 52
48 11 34 56
49 20 34 41 46 50
50 17 56 57
51 9 16 39 42
52 1 9 14 35 39
53 14 17 35
54 35 50
55 2 11 14 21 46
56 35
57 0
58 16 17 21 23 33 36
59 3 6 26 36 50 56
60 0 1 9 21 23 39
61 24 35
62 16 24 46
63 20 23
64 21 39 50
65 9 18 24 27 35 57
66 16 27 45 56
67 43
68 23 28 33 35 39 43
69 0 8 41 56
70 2 26 41 56
71 14 26 39 48 50
72 0 1 12 35
73 17 35 40 43
74 11 41 50
75 8 43 45 50 55 57
76 8 35 38 50
77 40 43
78 4 12 19 21 43
79 46
80 28 30 56
81 4 50
82 0 16 30 33 42 56
83 0 33 43 47 49
84 0 11 14
85 0 8 11 21 52 57
86 39 45 56
87 0 14 15 54
