0 7 10 86
1 23 31 40 79
2 8 43 63
3 8 91
4 43 78
5 75 97
6 62 67
7 8 31
8 0 20 22 82
9 22 26 54
10 31 43 63 86
11 18 43 44 96
12 62 84 94
13 43 63 86
14 47 91
15 26 43 78
16 7 8 22 40
17 2 22 25 50
18 4 30 43 94
19 8 22 48 86
20 9 31
21 0 43
22 28 31
23 43 86 87 90
24 25 31 86
25 35 43 91
26 22
27 21 43 78
28 0 8 43 50
29 0 8 35
30 8 25
31 7 91 92
32 22 31 91
33 8
34 63
35 34 63 86
36 8
37 43 49 78 86
38 25 31 68 78
39 43
40 18 34 78
41 22 30 53 86
42 4 62
43 26 43
44 31 43 71 72
45 37 50 86
46 43 76 86
47 18 26 39 57
48 39
49 25 31
50 8 25 86 88
51 22 43 78
52 43 62 86
53 22 26 72 86
54 86
55 26 35 52 62
56 86 95
57 28 43
58 26 43 60
59 75
60 42 67 96
61 31
62 43 91
63 42 76 83 86
64 18 43 84
65 17 52 76 78
66 13 86
67 22 75 87
68 2 38 42 86
69 43
70 31 54
71 31 91 97
72 10 86 91
73 24 30 44
74 8 43 75 80
75 43
76 16 26 43 90
77 4 66
78 57 75
79 40 78 88
80 12 75
81 26
82 62 86 89
83 11 25
84 43
85 31
86 22 75 78
87 1 42 78
88 43 78
89 76 78
90 2 70
91 4
