0 1 23 24 30 58
1 24 30 48 65 83
2 22 24 57 70
3 20 22 24 34 40 48 50 57 65
4 24 36 48 60 69 78 83 86
5 23 24 48 77
6 24 48
7 0 9 13 18 24 48
8 7 18 24 25 29 45 48 83 86
9 2 18 81
10 18 67 75 87
11 18 20 24 30 36 43 57 65
12 22 48 56 75 82 87
13 48 73 83
14 18 23 24 48 49 81 83
15 18 19 24 28 38 42 48 55 65 76
16 18 24 30 41 48 65 75 77
17 24 75
18 22 24 30 34 48 80 83
19 0 8
20 35 51 83
21 22 33 48 75
22 9 56 65 81
23 9 15 18 22 23 59 71
24 23 24 36 48 65 77 81 86
25 23 24 45 46 48 75
26 9 17 22 23 24 30 48 75 86
27 22 48 82
28 22 24 48 59 75
29 20 24 48
30 18 19 23 44 48 65 76
31 3 12 22 24 29 48 49 65
32 34 48
33 18 20 22 24 48 54 83
34 2 5 17 24 48 62 65 75
35 23 24 32 42 48 55 87
36 8 9 68
37 18 24 28 48
38 22 24 33
39 24 42 65 66 77 83
40 16 18 30 37 48 79 86
41 22 24
42 2 22 24 58 83 87
43 22 34 65 80 83
44 22 24 38 48 86
45 22
46 20 27 48 65 71 75 79 82
47 9 18 22 24 59 65 69 81
48 0 18
49 24 48 75 83
50 11 18 24 75 83
51 18 22 33 47 48 75 83
52 18 24 46 52 57 59 65 79
53 22 24 40 44 48 49 50 65 83
54 7 18 24 48 64 75 86
55 24 67 75
56 30 48 66 73
57 24 47 66 75
58 12 23 45 47 57 83
59 24
60 18 22 24 33 48 50 59 65
61 22 48 68
62 7 22 48 49 53 59 76 86 87
63 48 57 65
64 24 30 59 86
65 16 62
66 2 3 18 24 25 46 47 65 81
67 9 22 24 46 53 54 65 68
68 30 48 52 66 83
69 0 24 31 48 57 65 75 86
70 24 67
71 30 37 41 48 57 65
72 11 18 68
73 18 29 45 48 53 59
74 30 61 65
75 18 24 30 49
76 10 29 48
77 22 48 53 57 63 68
78 20 48
79 18 23 24 48 71
80 9
81 18 22 24 48 57 70 81
82 18 24 59 63 65 75
83 4 24 30 48 83
84 9 20 24 37 48 57 83
85 9 18 48 83
86 13 41
87 24 34 44 48 58 65 70
88 8 9 18 24 31 34 56 57
89 11 18 22 24 35 48 65 66 75 80
90 24 67
91 7 18 38 64 65 89
92 18 66
93 9 18 20 24 25 45 48 57 83
94 9 22 24 45 65 75 83
95 9 22 24 26 43 60 65 83
96 34 48 83 86
97 48 59
98 34 65 75
99 22
100 22 24 34 48 65 66 81
101 18 24 48
102 19 83
103 24 65
104 9 18 24 32 47 48 57 65 89
105 18
106 18 20 25 40 48 65
107 2 6 7 10 18 24 30 60 75
108 7 30 65
109 18 22 24 52 83
110 18 30 48 61 83 86
111 22 48 75
112 24 48 65
113 17 18 26 48 59 60 66
114 24 50 83
115 83 87
116 18 24 32 34 41 48 58 65 68 83
117 24
118 9 18 24
119 7 17 18 22 24 48 57 76 83 85
120 11 15 18 24 33 37 48 83
121 24 48 54 73 77 83 87
122 2 18 22 24 27 40 48 65 69 76
123 18 22 24 35 39 53 74 83 85
124 22 23 48
125 24 34 75 86
126 18 20 24 42
127 18 52 65 75
128 22 24 33 48 57 64 65 74 83
129 18 47 54 70 83
130 18 20 22 24 31 37 48 49 57
131 3 9 18 24 48 58 71 83
132 4 24 25 47 57 58 65 75
133 21 48 79
134 59
135 18 22 23 24 30 48 65 74 83
136 0 13 18 40 58 65 75 86
137 20 43 48
138 22 24 53 65 71 72 85
139 18 22 30 34 53 59 65 68
140 18 24 48 53 59 83
141 18 43 75
142 22 37 45 48 80
143 48 89
144 9 24 83
145 7 9 18 23 24 48 53 79 83 85
146 43 89
147 18 24
148 18 22 24 37 62 65 83
149 1 14 18 22 30 34 38 83
150 34 86
151 10 22 30 48
152 13 18 24 40 44 48 73 83
153 8 65
154 12 18 24 30 51 65 75
155 9 18 24 47 48 65 81 83
156 10 18 22 24 48 72
157 18 22 24 30 33 37 59 68 83
158 18 19 22 24 37 75 83
159 6 18 24 49 51 65 71 83
160 2 9 22 24 62 65
161 12 18 24 48 65 83
162 23 24 30 48 68
163 18 21 22 30 33 48 52 83
164 18 29 34 48 53 65
165 3 18 22 24 31 48 65 76 84
166 24 48
167 18 22 24 40 43 48 65 75 83 89
