0 2 81 83
1 3 33 36 48 52 71
2 16 24 38
3 32 44 63 76 80
4 23 42 71
5 62
6 2 31
7 19 61 62 69 82
8 2 4 6
9 2 24 47
10 30 52
11 2 33 42 81
12 2 66 68 80
13 52 71
14 14 24 29 61
15 2 31
16 24 59 60 69 83
17 2 25
18 2 44 52 68 75
19 2
20 2 3 36
21 2 37 62
22 1 44 62
23 2 8 19 36
24 25 26 56 60 77
25 2 53 62
26 11
27 59 62 68
28 12 34 36
29 2 71
30 2 20 39 40 77
31 2 23 27 29
32 51
33 2 25 27 47 53
34 53
35 2 7 62
36 2 42
37 2 6 28 62 81 83
38 2 56
39 15 61
40 2 6 17 27
41 31 59 66 72
42 15 36 50 62 66
43 40 62
44 2 39 51 53 65 71
45 3 23 45
46 4 16 71
47 2 24 67
48 3 48 56 69 82
49 6 17
50 2 56
51 31
52 2 24 31 32 53
53 16 61
54 2 66
55 2 18
56 2 23 36 55 61
57 2 22 38 69
58 2 47 65 66 71
59 0 31
60 2 40
61 2 18 47
62 16 18 33 38 66 69
63 6 14 32 38
64 2 3 61 77
65 2 59
66 2 61
67 2 61
68 44
69 2 6 16 18
70 10 33 47 51 63
71 32 52
72 2 40 50 52 69
73 21 34
74 2 5 39 53 74 81
75 2 3 70 83
76 2 18 82
77 2 36 46 74
78 2 25 61 62 66
79 18 34 39 57 62
80 60 68
81 53 83
82 2 32 36 53 81
83 12 24
84 2 14 43 60
85 0 2 29 83
86 53 62
87 23 46 62
88 24 44 51 72
89 62
90 2 9 71 73
91 50
92 7 28 33 71
93 2 22 47 66
94 33 81 83
95 46 54
96 2 16 17 62 74
97 2 16 19 45 69
98 50 53 59
99 2 34
100 2 25 29 60
101 2 44 80
102 16 28
103 46 53 62 73
104 2 14 33 36 80
105 2 14 23 81
106 56 70
107 2 7 23 33
108 42 51 81
109 2 7 31 83
110 23 61 62
111 2 27 42 53 78
112 2 53 79
113 70 81
114 2 18 42 44 52 64
115 26 53 71 80 81
116 2 23 82
117 2 38 53
118 25 29 31 41 48 51
119 20 38
120 2 39 55 62 82
121 47 48 80 81
122 36 52 81
123 36 59 79
124 2
125 2 11 40 51 53 62
126 2 24 62
127 47 53 61 63 66
128 41 53 61 62 81
129 29 82
130 2
131 2 3 28 42 43 74
132 5 24 56
133 50 61 71 79
134 2 16 36 47 61
135 2 51 56 57
136 44 81
137 31 60 62 81
138 2 11 14 24
139 2 14 53 59 72
140 24 53 80
141 51
142 2 51 81
143 2 39
144 3 45
145 60
146 2 24 61 64 75
147 2 42 67 81
148 2 28 59 62 66
149 2 53 56 64
150 33 46 61
