0 8 26 42
1 22 32 38 42
2 10 22 42
3 8 19 20 22 28 39 41 42
4 22 42 43
5 8 10 22 23 38 42 46
6 3 10 12 13 35 41 42 46
7 7 10 18 20 22 36 37 39 41 42
8 0 20 22 23 25 39 41 42 43 46
9 12 20 22 25 29 33 34 40 42 45
10 8 9 21 22 28 31 39 42 47
11 3 14 22 24 36 42
12 8 10 22 36 37 42
13 17 22 28 39
14 12 17 22 23 25 39 41 42 44
15 10 15 16 22 39 41 42 45 48
16 22 25 27 41
17 3 10 20 22 42
18 12 20 22
19 6 34 39 42
20 33 41 42
21 10 22
22 11 33 42
23 19 22 25 30 33 36 38 42
24 3 10 11 22 39 41 42
25 11 22 24 29 37 39 42
26 42
27 3 4 7 11 29 42 47
28 3
29 10 22 39
30 22 39
31 26 30 42
32 0 10 13 22 23 34 36 39 42
33 2 14 22 25 42
34 10 22 42
35 42
36 9 22 27 29 37 39 42
37 8 11 17
38 5 10 20 22 39 42 43
39 42
40 0 10 12 22 25 32 35 42
41 4 20 22 23 32 42 44
42 2 3 20 22 38 41 44
43 1 8 14 20 22 31 34 42
44 11 39
45 10
46 12 19 22 25 30 34 35 42 45
47 10 16 22 27 35 38 39 42
48 4 27 41 42
49 5 8 9 41 42
50 10 22 39
51 3 4 24 42
52 8 13 17 18 22 28 36 37 39 42
53 8 10 22 35 39 41 42 45 49
54 42 44
55 42
56 7 10 22 25 42
57 14 22 39 42
58 22 30 32 35 38 42 45
59 1 8 16 20 22 39 42
60 22 39
61 22 26
62 3 10 39 42
63 11 22
64 4 5 6 12 35 36 39 41 42
65 20 22 29 42 49
66 8 9 10 13 37 38 42
67 10 11 22 28 29 31 38 39 41 42
68 11 19 22 28 29 32 39 42
69 22 39 41 43
70 3 4 8 42
71 4 15 16 17 22 42
72 17 25 34 39 42 44
73 2 20 22 39 42
74 3 42
75 37
76 10 11 16 26 34 39 42 48
77 8 20 22 28 34 39 41 42 46
78 33 42
79 4 5 14 17 20 22 23 35 42
80 8 11 12 22 25 38 39 42
81 4 11 26 32 42
82 0 39 41 42 45
83 4 10 11 32 42
84 6 26 41 42 48
85 22 39
86 42 46
87 22 39 42
88 16 22 42
89 22 35 46
90 2 4 6 8 9 22 38 42
91 22 36
92 48
93 20 22 25 32 35 39 42
94 0 6 17 22 41 42
95 11 25 29 39
96 20 41
97 10 13 22 29 42 47 49
98 1 7 20 22 32 34 38 42
