0 15 37 52
1 23
2 26 31 58
3 19 58
4 1
5 8 31 37
6 8 30 52
7 28 58 60
8 6 33 49
9 3 9 57
10 7 15 37 38
11 19 25 31
12 47
13 24 45 55
14 33 59
15 46
16 19 33 45
17 38 43
18 40 45
19 9 40
20 19
21 2 19 41
22 30 40
23 25
24 43 45
25 19 47
26 40 43
27 22 46
28 47
29 19 30 52
30 1 43
31 32 40
32 3 10 40
33 40 53
34 27 54
35 6 19
36 26 50
37 48 58
38 43
39 3 58
40 21
41 23 28 47
42 7 51
43 17 25 29 58
44 2 58
45 6 8 31 43
46 7 9 15 48
47 9 14
48 31 37 41
49 40
50 16 19 34
51 31 47
52 19 42 51
53 34 38 44
54 43
55 18 31 51
56 13 17
57 21 51
58 12 26 47 58
59 15 37 43 58
60 3 9 48
61 15 17 31
62 32
63 41 55
64 31 51
65 33 51 58
66 48 57 58
67 2 10
68 6 31 40 51
69 18 41
70 50
71 30 38 40
72 6 28 58
73 28 40
74 50 51
75 9 31 40
76 5 14 20 49
77 25 27
78 31
79 6 15 16
80 36
81 19 25
82 15 43
83 41 48 49 58
84 24 40 43 47
85 28 37
86 31 35 56
87 16 30 55
88 3 19 27 29
89 26 31 47
90 10 31 41 48
91 40 46 54
92 31 41
93 3 43
94 31 41 44
95 17 46 55 56
96 19 21 42
97 43
98 12
99 3 25 50 58
100 31 53
101 3 22 40
102 19 23 31 43
103 3 30 31
