0 6 79
1 0 13 88
2 16 74
3 50
4 0 10 35 74 88
5 25 33 82 88
6 74
7 7 37 38 67
8 0 16 88
9 19 28 74 84 88
10 89
11 18 37 74
12 16 17 33 88
13 30 76
14 37 60 82 84
15 12
16 37 38 74
17 20 84
18 43 57 74 84 88
19 74
20 33 38 84
21 33 74
22 3 84 89
23 16 28 33 88
24 23 43 74 75
25 28 85 88
26 33 67
27 74
28 16 74
29 16 33
30 18 38 88
31 12
32 26 38 40 74 88
33 16 66 74 80
34 53 74
35 18 22 74 84
36 11 35 37 44 88
37 41 84
38 46 84 90
39 74
40 25 47 74
41 0
42 28 33 73
43 30
44 7
45 13 15 23 56
46 12 16 59
47 28 84
48 15 16 33 42 74
49 34 79 81
50 74 83 88
51 30 33 74 77 84
52 28 37 71 74
53 88
54 7 28 74 81
55 42 60
56 28 33 71 84
57 5 11 12
58 7 14 55
59 51 58 84
60 12 17 28 37 60
61 10 43
62 34 39
63 0 1 15 51 74
64 16 88
65 56
66 23 88
67 18 28 57 65 84
68 64 84
69 16 67
70 30 38 44 84
71 88 90
72 7 16 74
73 56 60 88
74 32 33 68 74 84
75 40 74 81
76 7 34
77 67 74 89
78 73 74 84 88
79 30 74
80 16 24 34 68 84
81 89
82 16 28
83 33
84 33 89
85 56
86 28 55 88 89
87 66 74 84 88
88 23 30 74
89 25 60
90 54 56 84 86
91 28 67
