0 37 54 81
1 2 30 42 47 59 86
2 21 59
3 1 37 38 59 62 72
4 24 36 46 59 63 86
5 1 50 75
6 1 2 14 37 38 46 59 73
7 0 1 26 30 34 59 62 63
8 21 30 31 37 41 44 46
9 0 1 23 46 50 59 62
10 16 19 41 42 62 86
11 13 34 46
12 6 17 54 59
13 50 59
14 0 46 86
15 46 63
16 21 59 72
17 46 70
18 1 2 19 59 69 74 75
19 59 60
20 0 1 46 59 75 86
21 0 37 38 41 61 62 63
22 0 1 21 46 62
23 37 59 62 78
24 46 54 59
25 46 59
26 0 4 50 59 84
27 0 5 37 45 59 63 65 81
28 1 37 59 62 63
29 31 46 59
30 1 27
31 0 1 2 41 46 59 62 73
32 46 49
33 1 28 46
34 35 53 59 75 80
35 5 19 63
36 1 59 86 87
37 0 1 62
38 0 34 63 64 81
39 37 59 86
40 75 81
41 0 1 6 30
42 2 21 24 59 63 71
43 42 46 59 72
44 1 68
45 0 7 21 55 65 79 86
46 24 42 46 59 62 63
47 2 33 50 59
48 1 30
49 0 4 26 42 58 68 75
50 7 24 35 59 75
51 0 2 32 42 46 55 67 86
52 0 1 26 30 41 46 86
53 0 1 27 30 50 59 86
54 24 46
55 2 27 50 51 58 59 86
56 18 21 26 38 58 59 71
57 1 2 21 24 30 31 57
58 1 46 59 68 72
59 34 52
60 37 56 58 59 84
61 0 46 59 63
62 2 56 59 63 75
63 24 87
64 0 2 24 46 50 59 86
65 0 1
66 25 28 33
67 55 59
68 0 30 37 46 63 86
69 2 37
70 9 21 31 75
71 46
72 1 41 46 56 59 75
73 50 59
74 37 45
75 1 34 45 59 77 86
76 46
77 0 41 59
78 3 61 86
79 1 58 63 77
80 84
81 1 2 59
82 7 28 46 59 62 63 66
83 1 41 59 63 82 83
84 13 41 55 59 66
85 41 46 59 75 86
86 32 46 52 59 62
87 46 59
88 59
89 1 42 79
90 37 59 63 77 84
91 1 2 31 37 46 59 75
92 52 59 63 67 86
93 30 42 50 59 67 86
94 46 59 63 75 77
95 20 45 46 50 59 62 75 86
