0 5 22 27 37 66 89
1 22 46 54 71
2 4 11 13 16 49
3 14 39 44 59 61 66
4 10 18 59 71
5 15 68
6 4 60 69
7 13 23 33 38
8 18 26 70
9 91
10 33 35 40 46 53 74
11 82
12 6 16 23 66 77
13 3 21 39
14 8
15 11 59 69 71 86
16 31 48 52 59 71
17 20 58 71
18 41 53
19 17 62 67 78 83 91
20 13 50 68 83
21 14 24 59 61 69 72
22 39 56
23 71 73
24 11 14 33 68
25 4 24 59 60 68
26 9 23 48 64
27 10 29 52 61
28 59 64
29 0 39 69
30 3 36 50 59 92
31 11 16 54 57 66
32 6 46 71 72 77
33 27 39 69
34 36 56 63
35 10 28 39 52 87
36 10 33 61
37 6 12 36 59 71 86
38 78
39 3 4 37 49 50
40 4 10 16 23 44 79
41 4 19 39
42 6 21 41 42 59 77
43 66 67
44 59 60
45 11 39 71 84
46 15 49
47 5 53 60 73 81
48 1 4 6 60
49 39 47 50 74 88
