0 30 42 44 51
1 8 21 47 51
2 3 7 10 30 32 60
3 7 30 32 40 47 52
4 3 4 9 23 32 40 47
5 41
6 2 4 7 9 30
7 3 23 47 49
8 4 7 30 62
9 4 28
10 47
11 25 34 47 48 49 51 54 61
12 28 52
13 7 9 25 62
14 0 4 5 7 9 47
15 0 7 9 21 23 47 48 52
16 3 47 51
17 3 4 9 10 29 47 48
18 3 4 7 9 29 49 54
19 4 7 9 17 19 23 25 47
20 3 4 48
21 9 30 47
22 25 32
23 3 4 5 30 47 51 56
24 9 58
25 7 8 9 23 29 51 52
26 3 4 7 9 29 48
27 3 4 7 30 47
28 4 25 27 28 47 51 52
29 7 16 21 25 29 34
30 7 11 30
31 7 23 30 61
32 2 31
33 9 13 25 32 38 47
34 3 4 7 9 10 34 52
35 7 8 27 39 47 49 52
36 4 6 7 23 29 30 47 48
37 10 23 32
38 23
39 3 7 23 25 28 30 32 54
40 3 4 7 21 43 52 56 62
41 7 25 30 47 48 51
42 3 7 10 12 33 49
43 7 23 47 48 61
44 49 58
45 25 36 47 51 54
46 4 7 9 11 47
47 4 9 30 47 52
48 3 29 47
49 4 7 13 32
50 10 47 48
51 4 7 24 29 58
52 3 9 30 35 46 47
53 4 9 25 39 52
54 30
55 0 3 4 7 25 32 47 51
56 7 24 32 36 39 42 47 58
57 3 38 46
58 4 7 8 13 25 27 28 39
59 3 4 9 10 29 32 39 52
60 14 16 25 32 44 45 48 51
61 4 7 8 14 30
62 4 7 9 12 14 47
63 3 4 7 29 30 32 47 48
64 0 7 9 10 23 47
65 17 25 30 47 48
66 3 8 9 48 52
67 54
68 3 7 9 27 32 33 47 58
69 7 9 25 30 32 45 47
70 3 4 6 29 47 49 52
71 0 30 49 52
72 4 7 9 29 30 36 51
73 4 7 22 23 25 47 51
74 13
