0 7 17 37 63 66
1 3 7 54
2 34 63
3 62
4 3 34 45 48 64
5 3
6 7
7 3 7 48 56 63 69
8 4
9 7 37 48 55
10 3 5 7 37
11 7 17 37 48 52 63
12 7 23 34 52 63
13 0 37 55
14 28 45 48 63
15 3 5 7 34 56
16 7 45
17 3 28 34 37 56
18 3 48 63
19 5 7 8 35 55 56
20 3 7 37 45 48 63
21 20 34
22 3 22 37
23 7 17 43
24 7 17 48 56 63 67
25 7 17 37 48 63 67
26 64
27 34 44 56
28 3 17 29 34 67
29 7 37 48 63 67
30 3 5 34 45 63
31 7 20 63
32 37 55
33 5 48 56
34 4 45 48 56 67
35 37 63
36 4 20 65
37 3 5 63
38 7 24 37 48 56
39 3 29
40 3 7 29 34 37
41 24
42 5 7 37 45 47 48
43 37
44 48 49 55 56 67
45 7 37 45 63
46 37
47 8 28 37 56 63 65
48 1 7 14 48
49 9 48
50 3 7 37
51 20 45 48
52 17 34 37 52 63
53 30 52 68
54 3 63
55 14 28 37 48
56 5 7 48 49 50
57 9 34 63
58 7 48 55 56 63
59 3 7
60 3 5 7 37 56 63
