0 38
1 0 32 42 77 86
2 57 86
3 9 10 15 35 50
4 15 50 52 55 65 83 85
5 15 31 55 69
6 5 7 15 38 57 67
7 1 8 10 12 31 58 83 88
8 5 13 15 30 31 48 86
9 3 13 15 38 48 72
10 6 48
11 15 18 50 56 57 85
12 13 30 36 52 53 68 86
13 14 15 22 30 38 65 72 78
14 10 15 21 30 39 62 65 66
15 42 43 70
16 10 35 48 81 83
17 74
18 13
19 10 15 22 39 50 75
20 1 15 48 85
21 13 15 59 70 73 81 86
22 15 38 76
23 6 82
24 6 35 38
25 2 15 26 27
26 9 21 35 74 75
27 24
28 10 23 77
29 10 11 15 22 38 72
30 12 48
31 9 15 19 30 83
32 10 15 59 60 83 85
33 31 67 76 83
34 5 10 11 13 18 28 72 86
35 33 37 53 83
36 15 29 59 67 70
37 10
38 15 18 22 75
39 6 10
40 2 10 68
41 10 12 15 39 50
42 4 6 22 23 57 75
43 33 45 82
44 3 30 31 72
45 6 13 15 25 31 53
46 0 26 50 51 68 72 85 86
47 13 28 30 38 53 81 86
48 3 4 15 36 56 59 67 74
49 15 16 30 49
50 1 10 15 17 30 69 75
51 53 58
52 13 15 17 63 70 83 86 88
53 14 15 30 38 42 46 67 86
54 15 75 76 79 88
55 13 65 83
56 10 15 72 83 86
57 4 15 30 60 63 67 69
58 15 35 38 58 75 77
59 13 15 44 48
60 10 66
61 4 15 36 38 45
62 15 30 59 83
63 29 49 59 63 78
64 6 15 66 69
65 10 13 15 22 27 30
