0 12 15 47
1 32
2 1 12 40
3 4 22
4 12 40 45 59
5 40
6 19
7 2 12 15 19 27
8 12
9 12 19 31 53
10 27 34
11 30 50 53
12 6 21 39 47
13 3 31
14 12 19 30 47 57
15 12 28
16 1 29 40 47
17 11 12 23 47 53
18 28 35 47
19 47
20 8 47 57 63
21 0 47 63
22 0 15 19 47
23 50
24 1
25 12 28 59
26 4 49
27 1 6 32 56 62
28 6 14 44 47
29 21
30 8 11 12
31 1 12 18 45 47
32 1 12 40 47 59
33 12 19 40 59
34 4 51
35 47
36 12 25
37 12 28 44 47
38 1 40
39 6 47
40 1
41 11 12 14
42 11 56
43 12 37 39
44 1 12
45 1 12 28 35 47
46 4 32
47 12 35
48 12 31 38 53
49 2 12 33 35 45
50 12 28
51 1 32
52 1 3 27 29 47
53 12 55
54 23 37 47
55 12 28 60
56 12 44
57 1 6 12 21 32
58 25 27 32 40
59 6 12 28 47 52
60 12 15 31 39 47
61 37
62 4 6 12 44
63 27 28
64 1 28 37 40
65 47
66 5 32
67 1 21 30 39
68 59
69 0 12 27 47 57
70 12 53 56
71 13 40 47
72 1 28 38 47
73 1 12 15 28 30
74 47 59
75 2 4 12 40 47
76 5 45 47 51 59
77 1 28 35 40 47
78 19
79 12 59
80 6 27 37
81 19 27 32 40 47
82 1 33
83 12 15 48 56 59
84 11 12 47
85 35
86 0 19 28 45
87 6 22 32 45 48
88 1 12 15 57
89 1 27
90 5 8 12 19 43
91 1 6 12 35 57
92 3 12 19 47 53
93 56
94 19
95 24 44 48
96 24 31
97 12 37
98 12 33
99 12 19 28 47
100 27 47
101 37 53
102 12
103 1 13 27
104 1 12 19 35 47
105 12 62
106 12 27 47
107 1 28 47 53
108 6 12 41 47
109 12 40 44 55 56
110 19 28 57
111 12 30 59
112 11
113 2 26 44 47 48
114 1 37 47
115 1 4 12 47 51
116 1 11 12 28 33
117 15 39
118 12 27 28 41 48
119 12 39 56
120 3 9 12 18 34
121 12 20 29 35 47
122 6 20 27
123 12 56
124 6 52
