0 29 39
1 15
2 28 39
3 29 58
4 30 36 37 39
5 39
6 37 39 57
7 17 29 37 39 45 62
8 24 37 39 53
9 21 44
10 29 39 57
11 45
12 2 29 37 39 45
13 24 37 39 57
14 25 29 57
15 52
16 29 37 45 53
17 37 39
18 39 55
19 16 18 24 33 37 39
20 40
21 29 37 45 53 57
22 29 39
23 39 45
24 29
25 35
26 18 35 37
27 1 6 15 28 37 61
28 45 58
29 11
30 29 37 57
31 39
32 3 29 39 62
33 11 28 29 39
34 18 30 39 57
35 0 29 34 44 57
36 4 20 28 29 37 39
37 28 29 31 37
38 24
39 29 39 53 57
40 18 25 37 44 57 58
41 27 29 37 39 57
42 39
43 33 39
44 37 57
45 37 39 47
46 41
47 29 30 37 53
48 29
49 29 37 39
50 45
51 17 39 45
52 0 29 35 57
53 39 45 53
54 29
55 29 37 41 44
56 29 34 53
57 33 37 45 53
58 24 53 58
59 26 29 34 39 45
60 16 29
61 24 29 33 37 47
62 3 29 37 63
63 12 28 37 39
64 29 37 45
65 1 29 37
66 0 11 29 36 47 53
67 28 37
68 4 39 42 58
69 37
70 9 53
71 27 29
72 0 20 41 45 57
73 0 28 33 39 41
74 13
75 44
76 37
77 39 53 58 60
78 28 37 45 53 57
79 41
80 37 39 44 53 57
81 29
82 28 39 53 61
83 37 54
84 16 28 29 37
85 0 21 24 29
86 29 30 37 57 58
87 37
88 0 29 34 39 44
89 37 53
90 4 7 29 39
91 39
92 39 53 57
93 19 37
94 53
95 19 37
96 28 29 37 45 57
97 1 19 45 49 53 57
98 47 53
99 37 57
100 26
101 37
102 6 27 29 35 37 39
103 39 47 48
104 4 30 37
105 29 37
106 29 37 39
107 1 24 25 37 45 53
108 21 29 39 53
109 10 40 44
110 30 61
111 29 33 39
112 8 29 33 39 53 57
113 29 37 39 42 56 57
