0 4 60
1 35 41 78
2 29 38
3 32 36
4 41 86
5 39 52
6 73
7 62
8 20
9 35 85
10 17 41 85
11 79
12 36 38
13 35 65
14 11 41 69
15 39 47
16 13 21
17 17 22 85
18 37 52 85
19 8 41 79
20 17 52
21 52 69
22 69 78 83
23 41 48 69
24 41
25 73 83
26 69 73
27 13 38
28 69 73
29 23 36
30 4
31 41 84
32 41 50 66
33 39 52
34 4 84 85
35 5 69
36 41 48 81
37 17 39 78
38 2 17 59
39 9 58 81
40 21 39 85
41 36 69
42 74
43 4 44
44 39 85
45 34 52
46 5 7
47 36 85
48 69 73
49 48
50 34 36
51 73 83
52 39 52
53 26 41
54 39 63 85
55 8 13 56
56 70
57 3 17
58 41 52
59 4 39 46
60 4
61 3 17
62 35
63 52
64 12 71
65 63 73
66 41 85
67 8 12 17
68 41
69 4 17 39
70 2 63
71 17 85
72 77
73 84
74 17 48
75 37
76 30 40 73
77 19 52
78 17 48 76
79 35 73
80 17 85
81 26 39
82 4 40
83 4 15 41
84 41 73 85
85 41 69 73
86 45 69 73
87 17 34
88 17 73
89 69
90 4 48
91 5
92 69 78
93 39 69
94 73
95 21 48
96 33 69
97 21 60 75
98 39 41
99 17 38 83
100 17 66
101 38 39
102 35 73
103 35
