0 0 5 11 33 41 42 44
1 2 11 42
2 5 11 20 33 34 46
3 26 35
4 0 6 9 44
5 5 6 11 12 23 35 44
6 5 8 35 44
7 14
8 5 23 33 42 44
9 0 1 9 11 30 33 35
10 1 15 35 44
11 1 2 11 15 38 41
12 5 8 11 45
13 5 6 9 25 26 41 45
14 3 5 41 44
15 5 11 25 30 44
16 2
17 4 22 26
18 2 15 38 40 45
19 11 14 33
20 5 20 25 33 35
21 11 20
22 11 33
23 3 5 11 28 33 45
24 11 16 23 44 45
25 5 6 11 23 29 30 42
26 0 1 9 15 20 44
27 11 44
28 44
29 3 5 11 25 44
30 2 15 42 44
31 5 11 41 43 44
32 4 8 25 33 40 48
33 5 6 14
34 2 11 14
35 5 6 35
36 6 11 25 34 41
37 3 5 6 9 38 41 44
38 0 9 11 20 38 44
39 8 44
40 5 6 9 11 33 44 45
41 5 11
42 6 8 11 44
43 9 11 33
44 5 23 31 35 36 44
45 2 5 6 8 20 23 25
46 6
47 3 6 8 25
48 4 5 11 35
49 35
50 2 3 5 6 11 20 33
51 11 35 42
52 1 5 25 38 44 45
53 5 15 20 35 44
54 11 33 35
55 2 4 8 11 25 33 44
56 6 7 8 11 38 41 46
57 0 5 35 49
58 14 18 24 41
59 6 9 21 25 33
60 5 33 49
61 1 11 15 33
62 5 6 11 20 41
63 5
64 8 30
65 5 35
66 5 15
67 14 15 31 33 42 45 48
68 2 4 42
69 6 20
70 9
71 9 42
72 0 9 30 42
73 6 11 20 25 30 44
74 2 4 5 6 11 20 42
75 5 6 38 42 45 47 49
76 5 35 44
77 0 7 11
