0 34 48
1 20 54
2 1
3 20 24 55
4 9 70 78
5 17 53 80
6 39 43 46
7 65 69 85
8 1
9 20 68
10 49
11 1 78
12 20 35 85
13 70 97
14 24 77 86
15 20 34 96
16 5 80 92
17 23 45 48
18 41 46 59
19 2
20 55 67 95
21 15 20 23
22 11 44 90
23 22 65 74
24 32 46
25 13 53 74
26 10 31
27 89
28 80 92
29 23 43
30 5 38 80
31 46
32 1 24 50
33 35 56 75
34 60 79
35 34 98
36 70 85
37 29 70 78
38 24 26 87
39 1 49
40 4 65
41 59 73 74
42 70
43 12 78 80
44 23
45 53 63 77
46 61 78
47 4 67
48 20 46 68
49 10 70 71
50 29 44 72
51 1 13
52 20 70 95
53 41
54 3 60
55 24 31
56 0 54 80
57 55
58 17 20 67
59 4
60 7 80
61 4 20 50
62 30 65 72
63 27
64 1 70
65 9 20 42
66 32 39 66
67 49 78 84
68 2 41
69 29 79
70 20 29
71 17 56
72 15 24 96
73 4 20
74 26
75 19 31 82
76 20 97
77 29
78 77 92
79 9 62
80 78
81 50 77
82 29 53
83 23
84 53 86
85 27 80 84
86 36
87 12 20
88 78
89 35 98
90 41 69 78
91 39 90
92 76 95
93 36 56
94 56 70
95 34
96 23 65
97 59 63 85
98 17 70
99 12 70
100 13 78
101 51 62
102 48 55
103 35 42 46
104 23 30 61
105 17 20 86
106 1 13 26
107 79
108 23 94
109 80 87
110 20 21 77
111 43 70
112 77 85
113 2 20 31
114 20 65
115 13 23 42
116 10 62
117 12 65 96
118 20
119 9 75
120 10 50
121 92
122 35 78
123 70 86 96
124 49 50
125 20
126 1 13 20
127 1 31 65
128 9 80
129 7 13 26
130 78
131 20 35
132 15 50
133 89
134 72 90
135 20 83
136 20 37 80
137 90 91
138 26 82
139 15 29 35
140 2 26 78
141 20 76 98
142 13 23 79
143 29 70
144 65 87
145 18 68 96
146 66
147 10 28
148 13 61 91
149 20 35
150 18 45
151 80
152 56
153 70 75
154 9 40 90
155 34 81
156 70 94
157 20 82
158 54 94
159 65 70 92
160 9 49 58
161 32 43
162 70
163 35 46 67
164 34 70 90
165 48
166 37
167 29 56 65
168 13
169 29 58
170 53 73
171 4 85 92
172 20 52 90
173 41 63 81
174 69 85 88
175 13 43 80
176 26 41 84
177 1 37
178 58 77 78
179 9 29 80
180 36
181 37 41
182 38 39
183 25
184 55
185 9
186 65
187 18 83
188 52 80 83
189 6 78
190 25 31
