0 7 8 19 23 25
1 10 19 23 24 32 39
2 19 27 32 40
3 19 21 29 31 35 40 45
4 7 19 31 40 51
5 25
6 15 19
7 8 19 20 21 23 27 31 40 51
8 6 7 31 32 51
9 0 4 7 15 21 23 26 35 40
10 6 15 19 21 23 27 31 34 50
11 15 16 19 24 31
12 7 19 21 32 40 51
13 7 8 15 19 26 32 40 50 51 52
14 7 8
15 6 19 27 31 44
16 15 19 27 31
17 20
18 8 31
19 6 7 27 31 32 34 46 51
20 1 7 15 19 21 36
21 7 8 17 24 27 38 51
22 7 11 19 24 28 31 32 51
23 6 7 15 19 40 51
24 7 19 26 35
25 7 9 10 40
26 5 14 26
27 19 29
28 6 7 8 15 19 27 31 38 51
29 4 7 23 26 32 40 50 51
30 7 19
31 7 8 18 21 22 31 51
32 7 8 16 32 38 40 51
33 8 19 31
34 31
35 7 10 13 19 21 23 27 32 42 44
36 27
37 7 12 20 40 44
38 7 12 15 19 21 27 31 37 41 50
39 7 8 9 19 31 32 39 44
40 25 31
41 6 7 21 50
42 1 19 27 40 51
43 6 12 40 51
44 5 6 15 16 19 31 32 51 52
45 13 15 18 19 21 26 29 51
46 19 24 51
47 4 7 8 15 19 20 21 26 33
48 18
49 8 19 29 48
50 7 14 40
51 8 20 21 26 27 28 31 32 51
52 7 19 47
53 4 14 21 27 31 32 42 51
54 7 12 14 19 24 51
55 4 19 27 29 31 40
56 8 13 15 19 26 29 38 40 45
57 19 40 51
58 7 31 51
59 6 7 19 29 46
60 8 15 23 27 31 51
61 7 15 16 19 25
62 6 27 39 51
63 1 7 20
64 7 13 15 19 31 45 49 51
65 7 15 17 19 27 29 32 33 51 52
66 12 19
67 7 12 19 21 27 32 44 52
68 23 31
69 3 7 15 19 27 32 40 46 51
70 4 23 26 29 31
71 7 8 11 19 31 42 44 50
72 7 19 26 29
73 15 16 19 21 31 40
74 6 9
75 7 12 16 19 21 24 27 28 31 40
76 6 7 9 19 31 40 51
77 7 11 51
78 6 7 8 24 25 27 31 49 50
79 7 8 19 31 32 43 51
80 6 7 8 12 19 31 47 51 52
81 19 21 27 31 32 51
82 7 8 15 19 25 27 31 32 52
83 7 29 31 46 51
84 8 19 21 26 32 36 51
85 8 19 23 27 52
86 11 12 15 19 22 31 33 37 50 51
87 19 21 31
88 15 19 20 21 26 27 31 39 43 51
89 15 19 24 51
90 7 19 21 47 50 51 52
91 7 12 19 23 29 31 40 47 51
92 7 17 19 21 28 32
93 2 7 19 23 27 31 40 45
94 12 19 51
95 19
96 6 27 40
97 7 8 12 17 21 25 26 42 51
98 7 13 19 21 26 27 47
99 7 19 21 25 50 51
100 7 12 15 19 31 35 47 51 52
101 8 15 31
102 1 7 8 15 40
103 6 15 19 31
104 6 7 8
