0 22
1 13 54
2 5 12 22 29 34 54
3 22
4 22 42 54 55
5 2 22 23 28 54
6 22 23
7 22 54
8 14 22 28 45
9 12 13 45
10 20 22 23 31 54 55
11 2 5 12
12 22 28
13 28 31 35 54
14 12 22 23 28 50 51
15 12 22
16 23 41 55
17 5
18 2 3 41 42 54
19 12 22 28
20 2 12
21 12 23 28 40 54
22 23 54
23 5
24 9 22 23 54
25 34
26 22 23
27 5 12
28 13 22 23 37 38 54
29 22 23 27 44
30 12 23 28 54
31 18 40
32 12 22 25 28 54
33 5 17 23 55
34 2 55
35 13 22 23 34 35
36 7 22 23
37 12 23 48 54
38 22 23 40
39 22 23 38 40
40 2 5 12 25 40 54
41 12 22 23 31 54
42 22 23 28 54 55
43 5 15 23 28 41 54
44 5 28 54 55
45 23
46 5 12 22 23 54
47 22 23 54
48 22 23 28 45 54 55
49 2 19 23 54 55
50 28
51 22 23 28 32 41
52 5 22 23 29 55
53 12 22 25 54
54 31 54
55 23 28 50
56 22 23 28 42
57 12 22 23 28 55
58 23 41 48 55
59 22 50
60 22 28
61 22 23 28 31 54 55
62 13 17 20 22 54
63 14 19 22 23 24
64 22 23 32
65 23 25 28 54
66 2 8 22 42
67 13 22 23 42 54
68 2 5 12 28
69 23 28 54
70 54
71 12 23 54
72 23 28 54
