0 59
1 4 39 90 93
2 6 28 41 59 63
3 21 39 48 53 59 66 70 98
4 10 16 17 25 27 48 86
5 10
6 8 10 39 48 57 59 80 85
7 23 29 39
8 5 10 16 24 47 59
9 10 17 59 79 87 96
10 1 25 39 46 55 59 75 94
11 48 59 80 87 96
12 0 10 25 48 94 95
13 3 19 22 28 39 49 59 61
14 9 10 17 21 39 55 59
15 10 59 61
16 3 13 96
17 3 10 66 76 93 97
18 10 17 39 48 59 92 98
19 1 6 28 39 49 52 66 69
20 48
21 10 19 39 48 52 57 66 69 84
22 21 80 89 91
23 1 27 63
24 39 48 50 59 66 95
25 5 11 38 39 43 58 74 87
26 29 32 48 96
27 9 30
28 25 32 39 43 48 54 59 66 96
29 3 4 39 55 59 66 70 80 90
30 1 4 21 39 48 59 71
31 10 19 27 38 39 42 43 57 59
32 3 14 31 39 61 70 90 96 97
33 17
34 20
35 10 21 24 28 30 32 39 48
36 3 21 25 32 39 43 48 59 73
37 10 43 76 91
38 5 10 16 48 51 70 87 95
39 25 39 52 61 66 74
40 25 39 48 59 62 66 87 95 96
41 5 6 10 39 42 48 59 78
42 19 25 28 58 59 70 93 96
43 21 39 43
44 10 39
45 59
46 21 25 48 62 89 96
47 3 10 39 49 59 61 70 80
48 2 44 59
49 21 39 48 80 82
50 10 39 49 59
51 6 22 39 46 66
52 10 14 43 59 90
53 11 17 48 54 59 87 94
54 3 10 21 86
55 3 10 21 39 41 48 54 59 84
56 59
57 39 59
58 10 56
59 10 16 39 46 59
60 10 24 39 44 49 56 66
61 10 14 28 59 70 83
62 3 59 73
63 21 39 48
64 6 17 22 26 39 44 59 85 89
65 17 29 39
66 48 92
67 10 48 55 59 89
68 6 10 22 26 32 59 80 94 95
69 50
70 10 39 42 59 65 92
71 78
72 10 41 59 80
73 6 37 39 45 49 63 72
74 17 39 95
75 6 15 21 39 59 66 80 85 96
76 10 48 80
77 3 4 10 39 59 82 97
78 3 21 59 66 74
79 70 73
80 10 29 59 75 94
81 3 21 59 60 64 72 96
82 39 48 51 52 59 74 86 95 96
83 10 23 32 39 48 50 90
84 10 48 49 59 64 83
85 3 8 17 28 39 60 81
86 16 25 48 59 96
87 21 48 94
88 45 48 65
89 39
90 66 90
91 1 10 39 42 45 48 59 67 82
92 59
93 39 87
94 6 10 14 20 21 43
95 21 25 39 58
96 0 10 39 59 63
97 13 17 39 48 59 60 62
98 10 14 60
99 17 32 39 48 59 68 70 84 86
100 3 6 10 59
101 48 59
102 3 39 48 59 93
103 3 9 17 20 51 59 63 73
104 4 8 10 39 59 94
105 43 52 59 63 88
106 8 27 32 37 59 90 94 95
107 25 39
108 39 63
109 10 21 39 43 48 59 73 83 96
110 0 21 30 47 48 51 59 80
111 5 31 42 66
112 14 21 23 39 48 59 67
113 10 39
114 5 29
115 6 48 59 86 90 97
116 1 5 39 48 56 59 66 80
117 3 11 27 39 57 59 62 82 86
118 1 39 40 42 43 45 51 59 88
119 6 56 59 63 83 85 94
120 6 10 17 34 42 58 59 86 96
121 12 23 36 39 41 52 59 70 80
122 10 57 85
123 39 72 86
124 3 39 59 68 96
125 21 96
126 3 61
127 59
128 6 8 21 50 59 69 72 91 95
129 26 42 59 69 81 95
130 19 59
131 52
132 21 28 42 47 96
133 6 21 39 43 48 49 59 64 66
134 10 12 26 39 53 59 90 94 98
135 10 17 48 59 77 88 90
136 25 48 59 75
137 4 6 10 17 39 59 63
138 20
139 10 52 59 64 79
140 1 39 59 60
141 8 59 70
142 47 90
143 15 17 21 27 39 49 59 63 90
144 45 56 59
145 37 40 52 57 84
146 28 43 59 95 97
147 17 59 75 78 94
148 15 71 81
149 4 42 43 48 49
150 0 81
151 21 42 58 59 61 62 80 95
152 11 21 39 59 60
153 14 39 41 59 87
154 39 41 48 59
155 1 39 75
156 3 10 18 39 48 49 73 96
157 0 10 34 39 43 44 73
158 7
159 3 10 39 57 59
160 10 27 37 39 58 59 66 90
161 3 6 21 28 39 52 59 60 95
162 17 59
163 9 29 37 39 48 90
164 93
165 47 89
166 9
167 23 27 39 52 59
168 3 49 59 90 96
169 9 10 21 39 48 59 62 77
170 2 8 10 42 49 51 63
171 1 39 59 70
172 12 21 39 48 88 92
173 10 39 48 90
174 8 28 36 39 69 95
175 10 39 52 59
176 4 20 21 27
177 21 48 87 93
178 7 10 12 25 33 39 40 51 59
179 10 39 55 61 78 94 95
180 21 25 39 59 60 95
181 25 46 58 59 94
182 59 80
183 34 39 73
184 19 26 48 60 65 80
185 1 43 52 70 95
