0 9 10 71 77
1 15 21 71 83 87
2 40
3 23 31 47 77 83 87
4 9 72
5 1 82
6 10 13 48 53
7 40
8 15 40 45 74
9 14 15 40 74 83 87
10 43 47
11 6 31 54 77 85 87
12 13 15 23 40 71
13 30
14 2 15 29 77
15 0 40 45 51
16 15 50 74
17 40
18 40 77 82
19 13 25
20 3 15 45 47 52
21 9
22 13 31 45 47 87
23 1 9 15 40 47 88
24 31 47 86
25 40
26 31 47 78
27 10 20 26 31
28 45 47 52 66 83
29 45 77
30 0 13 15 47 77
31 14 40 45 63
32 29 40 45 47 64 66
33 9 23 66 79
34 45 47 77
35 15 31 40 70 74 77
36 0 8 9 77 82
37 15 27 31 47 77
38 40 47 72 77
39 44
40 45 56 66 77 80 83
41 64 77 85 87
42 40 45 50 69
43 40 45
44 47
45 47 87
46 31 40 47 64 77 82 84
47 5 10 40 83 87
48 3 9 40 71 83
49 21 40
50 9 40 64 83
51 16 65 77
52 10 38 47 77
53 6 40 77
54 15 40 45 47 66 78
55 11 21 45 63 66
56 22 40
57 1 51 61 62 79 86
58 1 9 32
59 10 15 77
60 21 24 45 76 77
61 36 66
62 25 45 63 66
63 45 46 64 66
64 9 45
65 9 15 40 47 77 90
66 77
67 45
68 8 10 31 40 76 84
69 40 41 77 83
70 9 47 53 62 66 77 87
71 44 47 85
72 15 45 47 49
73 26 40 47 48 64
74 87
75 16 47 64 77
76 51 83
77 66 87
78 17 36 45 66 73 74 77
79 21 40 45 47 64 84
80 29 47 77 86 87
81 45 64
82 9 47 52
83 31 45 50 52 74 77 83
84 26 40 46 77
85 21 34 40 45 74 83
86 40 45 47 77
87 32 40 45 50 53 87
88 10 11 13 40 45 83
89 14 40 47
90 39 40 46 73 81
91 40
92 20 71
93 45
94 1 47 77 83
95 47 79
96 47
97 45 71 72 77 78 79 84
98 8 31
99 31 40 53 77 82
100 25 41 47 66 73 77 79
101 10 27 47 50 77
102 11 45 47 51 64
103 1 9 15 40 45 47 79
104 40
105 47 48 77
106 8 40
107 40 44 45 74
108 39 49 82
109 45 64 71
110 1 15 24 45 47 87
111 10 13 34 40 45 71
112 13 29 36 47 50 58
113 9 15 26 40 41 63
114 45 49 83
115 40 47 53 58 68
116 13 15 36 41 50 77
117 10 21 31 40 45 77 86
118 64
119 43 47
120 31 45 62 63 77 87
121 1 9 10 45 49 64 87
122 9 58 77
123 13 28 40 45 49 64
124 13
125 15 31 36 47 77
126 0 40 45 77
127 40 62
128 44 45 47 52 57
129 15 40 45 53 58 83 86
130 0 9 27 47 62 83 86
131 83
132 15 56 83
133 45 58 66 77
134 12 56 83 84 87
135 45 64 66 74 77 79
136 47 82
137 1 9
138 1 10 40 45 47 77
139 1 9 13 15 45 66 77
140 9 40 47 83 84
141 47 63
142 10 45 60 83
143 77
144 26 45 47 53 58 77
145 77
146 45 47 50 55
147 45 69
148 47 75 81
149 40 74 86 87
150 0 27 40 45
151 1 12 90
152 45 82
153 25 40
154 27 77
155 13 26 47 63 77 83 87
156 15 29 45 50 69 77 83
157 9 15 45 47 69 77
158 15 27
159 10 40
160 14 15 45 47 53 77
161 14 28
162 3 40 45 47 77 83 87
163 14 15 66 86
164 40 47 71
165 15 45 47 74 77
166 3 7 22 37 40 77 87
167 15 45 47 77 82
168 1 43 47 66 78
169 10 40 47 74 86
170 15 50 56 62
171 13
172 0 1 42 44 47 59
173 38 56 82
