0 17 43 53 54 59 79 83
1 29 50 53 54
2 7 46 73 79 83
3 27 61
4 9 25
5 17 20 53 57 59 71 79
6 17 33 53 59
7 2 8 10 11 17 53 79
8 36 49 50 67
9 29 59 61
10 1 43 53 59 61 73 79
11 11 17 53 73 79
12 5 23 59 65 66 79
13 49
14 1 49 51 59 69 79
15 16 36 42 50 53 77
16 2 17 22 53 59 73 76
17 54
18 9 59 79
19 38 49 59 69 71
20 79
21 45 79
22 2 23 59 65
23 11 59 61 65 79 80
24 43 51
25 8 17 49 59 71
26 11 53 79
27 7 17 50 53 57 59
28 39 55 57 59
29 0 1 29 33 53 79
30 17 54 59 79
31 19 61
32 36 42 66 71 72
33 0 37 51 59 61
34 2 17 33 59 79
35 16 17
36 16 47 51 52 73
37 33 59 61
38 53 65
39 29 49 79
40 61 77
41 0 4 26 39 57 79 83
42 10 17 31 51 57 72
43 1 12 17 51 59 79
44 39
45 43
46 5 17 43 53 54 58 59 79
47 1 2 3 17 46 59 82
