0 10 12 31 37 45 47
1 3 8 20 24 31 44 49 51
2 24 26
3 17 18
4 14 40
5 8
6 7 8 18 21 32
7 20 33 36 51 53
8 2 7 9 14 20 38 44 53 61
9 44 65
10 5 20 44 48 61
11 24 27 32 37 44 52 56 57
12 3 7 8 20 32 35 54 61
13 8 24 32 37 49 53 57 65
14 1 3 5 32 53 55 57 64
15 19 32 42 57
16 5 16 18 20 33 41 52 67
17 0 53 55 62
18 8 32 50
19 14 20 30 45 49 63 65
20 4 5 7 17 31 48 50
21 0 2 9 47 57
22 13
23 44 61
24 35 47 59 66
25 8 24 25 32 43 64
26 12 32
27 21 22 26 37 44 47 53
28 2 8 9 33 67
29 2 15 32 36 47 57
30 8 10 30 34 37 46 51 61 65
31 2 6 8 10 11 54 67
32 4 8 10 14 20 37 57 59
33 2 13 20 47
34 8 23 31
35 4 26 66 67
36 5 25 44 52 66
37 2 15 20 34 38 43 49 61
38 7 8 10
39 8 13 18 65
40 20 32 33 37 41 53 62
41 20 21 25 56 65
42 5 50
43 8 20 32 49
44 5 20 31 67
45 20 23
46 31 40 48 54 65
47 8 19 31 48 57 66
48 6 8 11 14 31 32 47 67
49 2 10 20 59 65
50 5 32 40 50
51 1 25 40 53 54 65
52 20 22 37 59 64
53 3 20 45 47 55 60 67
54 9 37 57
55 44 66
56 2 9 20 57 62 65
57 3 8 10 16 30 34 65
58 8 9 24 32 44 50 57
59 3
60 20 37
61 15 62 65
62 0 20 28 44 51 64 65
63 1 5 13 40 44 55 61
64 7 20 53 67
65 5 8 43
66 7 8 38
67 20 54
68 4 7 18 20 31 37 44 45 47
69 5 10 11 21 34 42 47 57 60
70 24 42
71 2 8 52 65
72 1 2 5 8 20 32 34 37 67
73 14 24 42 61
74 2 14 17 20 37 53 57
75 2 8 9 20 25 27 35
76 40 42 44 57
77 8 44
78 25 31
79 5 42 53
80 5
81 24 26 32 47 53 61
82 5 7 57 61 64 67
83 4 8 15 20 42 48 57
84 10 31 39
85 53 55
86 61
87 12 20 31 42
88 2 7 13 16 20 44 50 53
89 3 8 15 31 33 36 39
90 8 10 31 32 49 57 63
91 20 23 48 49 65
92 3 6 8 20 42 44
93 14 18 20 39
94 2 20 43
95 3 22 44 65
96 24 43 55 65
97 8 16 32 42 47
98 6 8 40
99 2 5 13 23 33 50
100 8 64
101 17 56
102 6 18 20 31 53 64 67
103 23 32 54
104 15 24
105 3 8 10 24 44 47 66
106 48 58
107 15 16 23 30 42 61
108 5 8 16 27 30 42 50 66
109 24 31 38 39 42 44 47 54 67
110 4 15 20 22 25 58
111 8 19 20 36 37 57 63 66
112 31 37 55 57 65
113 9 24 61
114 8 24 54
115 4 8 35
116 8 32 57 66
117 29 32 57
118 1 8 14 31 49 57 61 67
119 11 15 20 39 44
120 7 10 16 32 44 48 53
121 7 9 20 31 32 38 64
122 16 23 37 44 51 53 54
123 6 8 9 30 48
124 12
125 5 8 14 31 44
126 28 50
127 20 23 48
128 2 8 24 31 41 44 50 65
129 2 8 20 21 42 44
130 4 20 25 27 37 44 60 64
131 10 20 53 65
132 18 32 48
133 52 65
