0 33 46
1 3 34
2 25 54
3 25
4 13 23 38
5 4 16 25 27 38
6 0 13 38 46
7 26 27 38 54
8 25 27 38 46
9 3 6 12 27 54
10 4 7 9 21 37
11 7 30 38
12 12 37 53 54
13 25 27
14 29 51
15 4 16 38 43
16 27 32 38
17 9 16 27
18 14 54
19 4 16
20 4 27 29
21 13 38
22 46
23 25 38 46 54
24 8 27
25 4 54
26 13 37 46
27 7 11 27 40
28 7 27 38
29 4 27 38 43 44
30 24 35 38 54
31 30 38 54
32 26 38 54
33 14 35 38 43 54
34 3 4 13 41 49
35 27
36 9 34 38
37 4 27 37 38 54
38 9 10 13 34
39 4
40 35
41 4 13 38
42 32 38
43 4 24 43
44 19 27
45 4
46 4 38 54
47 3 19 27
48 24 37 38 46
49 7 35 38 43 46
50 7 27 43 46
51 4 38 39 46
52 4 46
53 9 54
54 0 3 5 50
55 7 32 36
56 4 13 27 29
57 4 10 29 38 46
58 27
59 16 21 27 46 50
60 26
61 0 3 27 32 38
62 3 7 38 47 54
63 37 54
64 7 13 35 46
65 4 26 54
66 9 13 38 46
67 27 38 54
68 27 30 47
69 3 12
70 4
71 4 9 13 16 38
72 4 13 38 44 54
73 3 4 26 38 54
74 0 13 16 24 38
75 13 14 46 49
76 25 26 27 37
77 4 20 38
78 38 43
