0 25 48
1 17 39
2 48
3 42 44
4 25 53
5 15 25
6 3 44
7 17 36
8 15 53
9 53 55
10 48 59
11 25 55
12 3 53
13 39 55
14 15 53
15 25 55
16 32 48
17 17 25
18 12 36
19 15
20 36
21 17 53
22 53
23 3 55
24 37 48
25 15
26 21 53
27 12 36
28 17 53
29 36 48
30 36 55
31 31 36
32 33
33 36 37
34 18 44
35 42 44
36 25 30
37 15 40
38 21 22
39 8 48
40 11 33
41 15 36
42 53 55
43 3
44 15 36
45 3 37
46 17
47 50
48 32 34
49 39
50 30 44
51 0
52 25 36
53 43 55
54 60
55 53
56 3 53
57 34 48
58 15
59 55
60 3 36
61 25 55
62 21
63 17
64 3 53
65 8 37
66 25 55
67 24
68 3 30
69 40
70 25
71 3
72 15 44
73 36
74 48 60
75 53 55
76 50
77 15 25
78 0 59
79 33 37
80 25
81 15 59
