0 20 55
1 10 34
2 14 61
3 59
4 41 59
5 4 70
6 37 48
7 31 59
8 48 61
9 33
10 20
11 27 61
12 11 65
13 42 51
14 4 55
15 4 63
16 28 60
17 44
18 53
19 4 34
20 0 55
21 5 37
22 9 55
23 30 45
24 31 34
25 3 45
26 25
27 4
28 48 55
29 41
30 4 63
31 60 61
32 36 55
33 4
34 3 66
35 20 43
36 15
37 42 44
38 4 48
39 6 18
40 34
41 37 63
42 4 27
43 42 55
44 21
45 4 55
46 19
47 23 57
48 55
49 4 55
50 34
51 49 55
52 42 55
53 4 5
54 55
55 5 45
56 55 62
57 0 21
58 47
59 6 45
60 22 41
61 4 53
62 16
63 6 65
64 5 55
65 10
66 4 5
67 4
