0 24 42 51 61
1 24 34 47 51 54
2 6 30 59
3 24 48 51 65
4 12 19 24 25 48
5 6 11 21 42 46 51 54
6 64
7 16 45 46 54
8 8 24 35 54 64
9 6 21 24 25 30 51 54
10 10 20 37 61
11 3 6 17 21 24 32 51 52 61
12 0 1 12 13 24 30 32 44 54
13 4 8 25 30 34 36 46 51 61
14 12 24 39 51 61
15 3 21 24 30 43 61
16 51 53
17 14 24 42 49 53 54 56 59
18 1 3 22 30 37
19 1 21 46 47 64 65
20 11 12 21 42 61
21 11 24 51 54 56
22 23 36 46 61
23 30 31 37 46 49 51 55
24 6 29 52 59
25 2 6 8 32 37 52 61
26 24 48 51 65
27 2 12 27 30 35
28 6 42
29 7 8 46 63 65
30 4 31 42 44
31 9 28 30 38 46 54 61
32 8 21
33 19 34
34 21 23 24 30 31 32 51 54 61
35 15 21 42
36 4 12 31 32 44 61
37 3 8 31 40 59 61
38 13 21 25 27 40 58 61
39 15 31 32 45 53 54
40 4
41 11 41 46 51 65
42 10 25 61
43 21 25 28 32 37 51 54 62
44 33
45 38
46 4 8 14 17 24 26 45 54 64
47 2 6 9 18 46 52
48 4 6 61
49 5 6 8 12 30 47 54 65
50 12 16 21 37 51 61
51 28
52 6 24 35
53 4 8 14 44 46 54 61
54 21 31 33 54 58 61
55 6 52
56 21 31 33 57 61
57 6 18 24 31 35 42 46
58 13 18 46 51
59 8 17 24 45 61 65
60 6 8 19 21 24 26 30 61
61 1 32 46
62 8
63 12 20 34 45
64 13 21 25 54 58
65 12 46 49 54
66 1 12 16 20 30 35 52
67 56
68 15 21 35 51
69 0 8 11 12 22 35 46 51
70 1 6 14 42 48 52 57
71 4 12 14 43 54
