0 2 12 38 45
1 39 58
2 5 45
3 24 45
4 24 50
5 62
6 35 37 44 45 64
7 24 41 45 64
8 24 37 45
9 24 45 58 64
10 38 45 48 64
11 36
12 42 45 62 64
13 23 42 49 62 64
14 5 6 24
15 45 62 64
16 24 42 45 56 64
17 64
18 5 11 42 45 49
19 3 46 64
20 26 52
21 5 38 45 64
22 24 28 34 62
23 45 65
24 24 42 45 50
25 18
26 1 18 24 60
27 37 42 64
28 47 49 62 66
29 38 42 58
30 14 64
31 24 64
32 5 24
33 2 65
34 45 62
35 37 45 64
36 58
37 24 41 45 49 64
38 45 64
39 24 40 64
40 14 45 64
41 45 50 58
42 3 26 62 65
43 45 64
44 23 64
45 42 45
46 45 66
47 38
48 24 45 56 60 61
49 24 34 64
50 1 2 57 64
51 64
52 64
53 2 24 64
54 2 5 23
55 5 24 37 42 64
56 22 24 39 45 64
57 16 23 45 58 64
58 2 17 39 41 49
59 24 47 64
60 24 43 45
61 62 64
62 5 45
63 45
64 21 38 43 45 62
65 14 23 34 45
66 21 44 45 66
67 5 24 26 45
68 23 45 62
69 64
70 2 23 45 62
71 24 26
