0 14 28 40 45
1 5 52
2 5 17 45 47 52
3 8 17 40 45 47
4 8 42 47
5 22 31 45 53 58
6 3 13 15 40 53
7 11 16 24 26 31
8 5 14 17 19
9 5 22 26 44 45
10 20
11 53 57
12 17 18 40 52 57
13 14 16 40 58
14 5 26 50 52
15 53
16 5 7 20 45 47
17 40 52 53 58
18 5 47 52
19 23 47 55 57
20 8 9 10 17
21 51
22 5 8 14 17
23 8 16 18 45 52
24 14 31 45
25 5 16 40 47 58
26 5 14 52
27 14 17
28 4 5 14 17 40
29 14 47 52
30 11 22 52
31 8 17 52 58
32 3 5 16 55
33 8 14 17 45 52
34 5 8 26 28 53
35 2 5 45
36 14 40 52 57
37 5 20 45
38 5 8 14 50
39 5 17 40 46 47
40 8 17 40 45 52
41 14 17 25 47
42 8 52
43 18 55
44 8 14 40
45 5 8 26 28
46 5 57
47 17 25
48 40 45 50 51 61
49 52
50 24 43 47 50 53
51 2 7 40 47
52 5 26 42
53 17 40 55
54 5 8 40 52 54
55 5 8 52
56 5 8 14 50 58
57 5 14
58 47
59 8 45 47
60 5 8 17 42 45
61 14 40 49
62 17 22 26
63 5 40
64 43
65 14 41
66 16 45
67 5 8 22 42 58
68 2 5 26 42 45
69 16 47
70 8 52
71 47
72 14 45 50 53 58
73 5 8 50 52
74 8 39 47 53
75 5 34
76 8 40
77 52
78 17 53
79 5 14 52 59
80 4 40
81 58
82 17 47
83 5 48
84 5 8 11 47 50
85 23
86 14 45
87 6 8
88 8 40
89 40 47
90 5 8 9 14 58
91 17 40 53 58
92 8 14 17 34 52
93 26 40
94 8 14
95 8 40
96 5 14 17
