0 2 6
1 32 39 84
2 27 80
3 67
4 6 29
5 60
6 34
7 29 38
8 67
9 55
10 49 58
11 39 40 80
12 29 80
13 29
14 29 42
15 16 80
16 8 80
17 49 53 80
18 16 40
19 10 36
20 2
21 68 85
22 8
23 23 38
24 67
25 29 38 77
26 35
27 39 40
28 4 71
29 29 36 67
30 84
31 9 39 63
32 16 29 80
33 18 67
34 29 67 71
35 4 49 50
36 29 84
37 59
38 67
39 29
40 9
41 55 63
42 29 30 80
43 16 67
44 67 80
45 16 29 55
46 61 80
47 16 67
48 67 80
49 59
50 3 58
51 29 54 67
52 5 7
53 29 68
54 39 52
55 4 67
56 67
57 29 56 67
58 29 40
59 29 55
60 9 29
61 19 60
62 72 84
63 19 34
64 22 29 45
65 38
66 59 80
67 4 34
68 53 89
69 30 51 67
70 12
71 29 80
72 36
73 39 80 81
74 29 67 73
75 63 67 70
76 74 84
77 67
78 9 29 67
79 27
80 29 46 67
81 67
82 19 29 60
83 67 85
84 4 29 57
85 34 75
86 29 82
87 10 50 68
88 29 67 72
89 50
90 6 36
91 29 66 67
92 12 51 67
93 16 35 41
94 39 67
95 55 67
96 29 67 80
97 53 80
98 27
99 36 71
100 70 71 80
101 29
102 9 67
103 41 58
104 16 67
105 27 56
106 29 59 80
107 52 70
108 34
109 29 40
