0 14 52 53
1 11 32 53 66 68
2 0 34 64
3 22 64
4 0 13 20 26 36 61
5 31 60
6 34 57 59 64 66
7 7 28 32 56
8 6 31
9 53
10 3 64
11 0 9 22 33 51 64
12 6 11 64
13 14 32 36 61 64
14 9 41
15 22 32 48 64
16 34
17 7 51 53
18 10 24 62
19 34 36 64
20 16 36 52 64
21 22 64 65
22 28 40
23 11 20 26 53 66
24 23
25 7 20 32
26 0 20 24
27 18 20 33 53
28 11
29 14
30 0 14 26 32 57
31 0 64
32 34 43 51
33 11 20
34 20 49 50 54 64
35 16 32 64
36 32 38 49 56
37 13 20 49 52 61 64
38 23 32
39 20 36
40 34 64
41 3 11 12 20 23
42 14 32 35 43
43 34 64
44 32 64 65
45 8 12 37 53 54
46 20 32 35
47 7 13 34 49
48 32 35
49 7 20 53 64
50 53 57 61
51 34
52 52 64
53 0 4
54 20 36 55
55 11 14 23 35 37 65
56 20 32 46 51 52
57 20 66
58 8 20 34
59 8 32 34 36 43
60 12 13 19 20 22 66
61 34 55 60 64
62 33 66
63 53 64
64 32 64
65 49 53 62
66 20 49
67 14 20 36 40 64
68 23 32 49
69 11 20 25 56
