0 4 7 19 24 27 31 48
1 9 20 24 36 47
2 24 27 32 43 48
3 5 26 27 31 47
4 17 24 27 44
5 24 27 43 51
6 11 14 15 24 25 27 47
7 6 14 24 27 38 44 49
8 0 7 19 24 27
9 14 15 18 24 27 30 44 48
10 27
11 6 12 19 22 23 24 25 51 52
12 9 23 24
13 3 7 12 14 21 23 24 27 40 47
14 27 51
15 37
16 7 14 19 24 27 37 47
17 7 19 24 27 46 50
18 14 19 23 27 32 43
19 6 11 14 24 27 29 31 48
20 0 7 9 14 24 27 39 40 48 51
21 0 12 23 24 25 27 39 44
22 14 15 17 19 24 27 35 48
23 4 7 18 24 27 29 37
24 24 45
25 9 14 24 29 35 44
26 5 7 19 20 24 27 29 44 45
27 1 6 14 16 21 24 27 34 40
28 3 16 23 24 27 46 49
29 5 7 24 27 39 43
30 3 7 9 21 23 25 27 37 50
31 14 24 29 43
32 19 24 27 37 41 45
33 4 6 11 17 23 24 29 51
34 1 5 14 24 25 27 28 29
35 24 27
36 6 7 12 23 24 27 31 34 35 48
37 6 7
38 4 7 9 14 24 27 34 37 40 42
39 11 18 24 27 44 48 50
40 4 24 29 43 46
41 7 19
42 14 15 17 23 24 27 44
43 16 19 24 27 44 48 52
44 3 7 11 14 24 27 29 44 48
45 6 7 19 24 27 44 48
46 4 19 24 27 29 36 48 50
47 18 24
48 7 14 24 27 47 50
49 7 13 14 15 17 18 24 28 29 38
50 7 15 23 24 25 27 37 46 50
51 6 19 24 27 39 46 48
52 6 20 24 27 44 48 51
53 0 13 14 23 24 27 42 50
54 6 14 24 51
55 6 7 11 19 21 24 27 31 44
56 7 14 24 27 28 37 39
57 14 48
58 2 7 17 24
59 14 17 20 24 27 48
60 9 14 23 24 25 32 37 40 46
61 7 16
62 2 7 10 18 24 27 48
63 4 24 27 43
64 0 11 14 24 27 29 38 39 48
65 0
66 5 6 14 24 27 32
67 0 4 6 14 19 24 27 39 47
68 18 20 51
69 24 37
70 4 7 24 27 33 42
71 6 13 24 34 47
72 0 14 19 23 24 27 35 48
73 7 21 22 24 27 29 34 36
74 0 2 17 22 24 27
75 3 7 19 21 24 27
76 15 24
77 19 20 24
78 5 8 14 23 29
79 10 14 24 27 34 43 48
80 13 24 27
81 21 45 47 51
82 7 24 49
83 27 29 41 48
84 7 10 19 24 27 43 47
85 7 16 27 29 50
86 14 15 23 24 27 33 39
87 5 6 24 27 38 45 51
88 7 14 24 27 28 49
89 35
90 0 6 18 24 36 37 43
91 3 5 24 27 42 49 51
92 13 19 22 23 24 27 30 41
93 3 23
94 2 24 27 52
95 6 7 14 15 16 24 27 47 48
96 0 6 13 14 15 24 27 30 47 51
97 6 13 17 19 23 24 27
98 20 22 24 27 31 40 42 46 48
99 44
100 20 24 29 32 42
101 40 48
102 7 15 20 24 27 29 42 48 50
