0 8 18 30 52
1 7 11 13 60
2 31 57
3 24 31 50 53
4 28
5 1 31 45
6 50 52
7 21 31
8 42 52
9 19 60
10 50
11 9 13 24
12 28
13 41
14 4 20 30 41
15 11 13 35 52
16 36
17 5 13 16
18 14
19 13 57 62
20 42 57
21 50
22 52 55
23 1 41 45 64
24 28 31
25 50
26 16 29 44
27 48 50
28 16 57
29 15 52
30 37 41
31 57
32 24 49
33 58
34 31
35 38 56
36 21 33 50
37 7 13 56
38 11 16 32
39 23 25 39
40 11 57
41 20 21 32
42 20 32
43 38 41
44 12 36 55
45 28
46 7 9 16 48
47 19 39 41 59
48 55 56 57
49 11 39 48
50 30 32 61
51 31
52 37 50
53 23 46 50 54
54 20 64
55 31 41
56 14 32 41
57 27 31 61
58 6 31 34 50
59 58 62
60 45 50
61 7 48 57
62 50 57
63 2 50 51
64 29 47
65 9 32 41
66 28 42
67 31 50 53 57
68 13 44
