0 30 56
1 1 3 27 59 70
2 2 3 27 53 69
3 1 3 14
4 27 32 46 57
5 1 31
6 3 23
7 27 47 73
8 14 39 50 53 57
9 19 27 46 68
10 20 27 56
11 14
12 2 14 45 54
13 17 23 27 31 62
14 2 27 53 66
15 3 20 27
16 10 17 37 48 50 67
17 37 67 70
18 8 52 56
19 1 18 23 27 41 62
20 14 16 43 69
21 14 31 48
22 1 3 14 16 27
23 37 73
24 20 37 42 47 67
25 2 3 20 60 61 70
26 23 27
27 33 48
28 3 14 27 50 52 70
29 14 23 31
30 56
31 27 56
32 2 14 27 45 53 70
33 2 3 10 31 35
34 10 24 27 43 58
35 9 27 37
36 27 37 73
37 43
38 14 26 30 41 66
39 21 27 37 59 73
40 2 9 14 22
41 8 14 25 40 70
42 3 14 27 31 37
43 1 3 56 70
44 14 30 45 56
45 4 37
46 3 27 28 30 56
47 30 48 63
48 27 56 66
49 3 21 30
50 14 23 27 37 56
51 31 37 72
52 3 9 11 14 37
53 3 14 27 62
54 2 3 20 23 27
55 2 29 30
56 27 56 62 66 70
57 14 27
58 27 32 37 53
59 27 37
60 31 59
61 14 27
62 14 62
63 2 6 20 37
64 2 16 36 43
65 3 6 13 27
66 20 22 61
67 2 14 17 72
68 13 14 16 23 30 47
69 52
70 27 32 45 56
71 14 27 31 37 63
72 37 56
73 16 17 53
74 14 37 74
75 3 14 17 25 69
76 14
77 2 31
78 2 3 36 56 70
79 3 33 37 61 69
80 14 65
81 2 3 14 48 52 70
82 3 30 37
83 10 14 16 27 37 70
84 16 27 31 62
85 13 23 53 72
86 66 73
87 27 40 72
88 27 30 37 69 70
89 3 37 69
90 3 14 23 33 44 67
91 3 17 37 43 56
92 3 56
93 14 27 37 56
94 3 16 52 70
95 27
96 1 6 14 47 70
97 13
98 8 9 14 62
99 2 27 37
100 3 14 27
101 1 3 8 20 49
102 3 27 31 37 69
103 14 27 56
104 27 28 31 66
105 37 56
106 66
107 3 31 37 48
108 3 45 66
109 2 6 28 37 48 66
110 23 56 70
111 2 3 37 43 70
112 3 9 14 44 56
113 31 70
114 2
115 14 27 31 49
116 14 37
117 2 14 27 56 67
118 1 3 61
119 3
120 2 21
121 3 14 18 31 51 56
122 1 3 27 70
123 8 14 16 23 37
124 3 14
125 3 14 18 54 62
126 27 31 42 57
127 1 2 18 27
128 21 30 31 66
129 3 14 27 28 37
130 37 70
131 17 37
132 14 27 37 46 73
133 2 17 18 19 27 28
134 3 27
135 14 56 58
136 3 16 26 27 28
137 1 37 51 69
138 6 37 43 70
139 10 55
140 14 37 40 48 50
141 14 27 37
142 30 47 54 70
143 27 33 39
