0 28 29 38 55 57 72
1 27 31 49 55 67 70 78
2 5 28 31 50 53 61 67 73
3 28 65 67
4 8 28 49 55 59 61 72 78
5 4 31 67
6 0 16 28 31 55 60 61 67 70
7 5 12 28 50 73
8 28 40
9 5 22 28 60 61 69 74
10 5 27 28 30 37 67 72
11 28 39 60 72 76 77 79
12 4 41 61
13 25 28 31 51
14 27 28 33 39 42 52 65 73
15 28 33 63 72
16 27 31 38 46
17 24 31
18 5 13 28 31 55 57 59 61 72
19 0 39 70
20 27 28 31 38 43 55 60 70 71
21 16 38 39 41 49 61 77
22 4 12 28 31 35 37 55 61 70
23 5 8 28 31 38 50 78
24 31
25 5 39 55 57 76
26 5 8 19 27 28 48 61 70 73
27 0 3 13 27 28 31 39 68 78
28 8 28 31 34 53
29 52 76
30 18
31 27 56 68 72
32 1 19 22 31 33 61 63 65
33 31
34 20 26 28 31 38 57 60 67 72
35 57
36 28 70 74
37 2 70
38 31 55 65
39 5 28 31 32
40 20 28 68 70
41 3 14 23 30 38 60 70
42 50 70 72
43 27 28
44 9 22 24 28 46 53
45 8 27 28 31 55 60 68
46 5 31 50 76
47 27 67 69 73 76 79
48 27 28 43 49 57 61
49 55 78
50 1 13 14 25 28 31 70
51 5 28 53 57 72 78
52 1 31 43 44 69
53 0 20 28 49 53 55 57 69 73
54 27 55 72
55 8 15 18 25 28 31 34 49 50
