0 39 60 71
1 18 30 31 55
2 15 42 65
3 39 42
4 15 23
5 16 31 35 61
6 46 56 64
7 18 20 24 62
8 31
9 23
10 61 64
11 31 40
12 31 52
13 20 41
14 31 35 42 53
15 16 39
16 5 32 42 49
17 8 25 30 31
18 18 39 65
19 33 60 73
20 7 31 32 44
21 27
22 43
23 66
24 31 39 52 72
25 19 48 61 72
26 9 18
27 13 52 61
28 13 27 50 54
29 32 43 56 61
30 19 26 48 60
31 23 32 61
32 49 70
33 4 27 45
34 32 36 61
35 0 29 49
36 60 64 65 66
37 23 34 42
38 31 44 60
39 35 49
40 1 18 63 68
41 7 9
42 59 60 72
43 27 45 73
44 32 61
45 38 56
46 2 29 31 74
47 19
48 9 35 47 65
49 35
50 17 49 71
51 46
52 26 30 39 61
53 31 47 61 67
54 32 33
55 54 60
56 60 61 67
57 9 31 61 66
58 8 29 65
