0 4 38
1 7 8 13 38 40 48
2 4 24 40
3 8 18 38
4 8 40 48
5 4 9 13 35 37 45
6 2 10 38 40 44 48
7 4 6 11 34 44 48 55
8 4 8 38
9 7 10 12 50
10 7 10 23 42
11 8 17 37 42
12 7 40 46
13 4 50
14 12 17 26
15 7 8 40 48
16 4 17 26 35 38 46
17 8 13 36 38 42
18 4 10 14 17 40
19 7 13 17 40 55
20 8 10 13
21 3 8 44
22 11 12 14 23 37 44
23 3 17 30 44 48
24 7 8 10 14 48
25 4 8 10
26 8 13 30 38 39 40
27 4 13 44
28 10 11 38 40 48
29 48
30 12 34
31 2 7 30 38 40
32 4 8 12 23 40 44 48
33 4 13 42
34 19 38 48
35 10 15 38 46
36 2 4 8 12 42 51 54
37 4 13 15 30 42
38 4 8 10 14 48
39 4 8 38 40
40 8 13
41 4 8 40 48
42 4 48 52
43 3 7
44 4 12
45 4 7 8 9 10 32 38
46 12 13 17 38 40 44
47 7 8 13 17 40
48 13 19 40
49 7 10 44 48
50 12 28 35
51 3 8 13 17 23 53
52 4 8 13 17 42
53 8 17 48
54 14 38
55 4 7 10 13 17 40 42
56 4 10 17 36 38 40 48
57 7 11 13 30 48
58 4 8 38 39 40 48
59 4 7 10 13 37 53
60 6 48
61 7 8 17 18 48
62 18 38 40
63 13 38
64 32
65 4 42
66 3 8 40 44 55
67 4 48
68 13 40
69 8 48
70 4 28 36
71 7 8 10 13 40 44 48
72 42
73 4 13 17 48
74 8 10 12 38 44 48 55
75 4 8 17 44 48
76 8 10 29 42 44 48
77 4 13
78 11 13 37 42
79 8 17
80 17 40
81 4 7 8 10 13 15 18
82 7 18 46
83 8 47 48
84 5 12 13 24 36
85 4 7 9 17 48
86 7 37 38
87 7 8 13
88 10 17
89 4 40 48
90 2 10
91 8 14 42
