0 13 34 45 80
1 3 6 13 40 44 76 81
2 6 13 44 48 67 78 80
3 9 13
4 6 44 58 76 80
5 7 24 39 44 54 80
6 65
7 13 24 37 44 45 51 80
8 13 38 44 45 47 49 50
9 6 13 24 44 47 50 67
10 7
11 6 7 11 13 16 34 65
12 3 7 38 43 47 50 76 80
13 4 7 13 29 44 54 68 80
14 13 50
15 45
16 47
17 7 10 34 44 81
18 13 65 67 81
19 6 7 13 20 44 80 84
20 10 24
21 13
22 6
23 44
24 44 47 80
25 5 6 7 13 20 31 44 49
26 3 6 10 13 43 49 57
27 6 7 38 39 44 50 54 56
28 6 50 58 67
29 7 70
30 6 13 44 50 67
31 6 7 13 74 80
32 13 24 50 63 68
33 6 25
34 6 7 44 47
35 13 17 31 45 56 69 80
36 6 13 16 37 47 50 81
37 3 4 47
38 13 26 30
39 7 24
40 7 24
41 6 10 13
42 7 22 44
43 7 24
44 3 5 6 7 13 44 47
45 6 7 13 61 76
46 24 45 47 49 60 76
47 6 7 13 21 35 44 58
48 7 13 27 51 80
49 6 76
50 10 32 44 50
51 6 7 13 34 38 44
52 50 84
53 10 13 44 50 80
54 0 5 7 37
55 6 7 37 44 53 78
56 6 7 45
57 13 47
58 13 24 44 45 47
59 9 31
60 6 7 34 75
61 4 7 14 36 44 47
62 3 6 13 45 77 80
63 41 44 50 57 67 72 78
64 6
65 0 6 7 13 47 67 80
66 6 7 13 34 44 47 50 79
67 7 14 34 44 68 76
68 15 44 81
69 6 7 11 37 44 45 81
70 7 17 34 41 47
71 0 6 12 13 44 51
72 45 50 70
73 6 7 10 13 67
74 11 13 44 45 50
75 13 44 47 50 53 55 80
76 7
77 13 29
78 6 13 14 16 38 44 45
79 13 28 36 44 70 76
80 7 13 49 80
81 7 47
82 6 13 44 47 49 50 80
83 6 13 34 42 44 45
84 7 10 13 16 58 80
85 56 77
86 44
87 6 7 45 47 80
88 6 7 13 14 25 50 62
89 6 7 13 29 44 47
90 3 5 6 7 13 27 67 80
91 6 7 50 53 80
92 3 6 13 45 50
93 44 80
94 38 45
95 7 17 29 34 44 47 50
96 6 40 47 50 54
97 6 13 46 53 80
98 7 13 73
99 3 13 24 37 44
100 3 7 13 17 44 51
101 7 13 47 70
102 45
103 7 30 37 45 63
104 4 6 26 29 37 44
105 6 7 13 47 80
106 6 7 13 44 50 80
107 7
108 6
109 6 13 44 45 47 76 80
110 7 13 21 44 47 80 84
111 6 7 13 39 44 48 55 76
112 7 13 44 50
113 0 6 7 13 44 67 70
114 3 6 13 30 47 49 80 82
115 0 13 42
116 13 28 50 53
117 13 50
118 6 7 13 14 50 53 80
119 6 7 12 13 16 25 44 47
120 7 13 18 44 45 50 80
121 7 24 34 63 75
122 6 44 45 49 81
123 7 44 45 53 82 84
124 6 7 11 12 13 44 56
125 6 80
126 50 61 70
127 3 6 7 44 45 62 80
128 47 49 67
129 0 14 16 44
130 6 7 8 20 29 44
131 3 7 50
132 12 20 29 30 34
