0 22 27
1 20 65 73
2 40 68
3 12 16
4 27 30
5 13 31
6 31 56
7 9 40 43
8 13 47
9 3 18
10 15 43
11 61 68
12 44 56 65
13 40 56 65
14 27 42
15 73
16 45
17 32 40
18 1 32
19 52 65
20 8 27 45
21 26 76
22 18 27 75
23 17 44
24 22 27 46
25 40 49 54
26 1
27 47
28 10 50
29 66
30 43 63
31 57 65 69
32 40 69
33 13 40 43
34 3 27 37
35 68 77
36 65
37 55 63
38 1 65 77
39 27
40 24 71
41 23 55
42 52
43 65 72
44 1
45 21 40 57
46 18 27
47 31 66
48 3 27
49 12 40 67
50 45 54
51 1 7 65
52 27 36
53 19
54 45 65
55 18 34
56 65
57 27 40 59
58 18
59 20 65
60 43
61 48 49
62 0 51
63 23
64 45
65 25 40
66 37 40
