0 37
1 5 37 40
2 17 34
3 17 19 41
4 1 37
5 29 73
6 3 34
7 59
8 70 73
9 29 34 36
10 55
11 27 37
12 34
13 67 70
14 3 33
15 27 32
16 17 41
17 5
18 3 37
19 41
20 10 17 37
21 2 3 56
22 34 41
23 8 41
24 37
25 34
26 41
27 10 19 41
28 37 41
29 3 41
30 17 32
31 27 41 60
32 10 19 35
33 8 25 34
34 3 29
35 8 37
36 37 67
37 3 8
38 51 67
39 11 27
40 2 3 67
41 41 67
42 10
43 3 38
44 27
45 19 42
46 17 19
47 3
48 17 55
49 19 41
50 3 19
51 1 37 41
52 10
53 10 17
54 72
55 3 10 41
56 61
57 16
58 34 51
59 17 53
60 27 29 31
61 27 37
62 12 29
63 37
64 10 40 51
65 3 63
66 37
67 8 37
68 29 41 67
69 19 41
70 17 27 41
71 8 29
72 8 37 41
73 2 32
74 37
75 17 29
76 3 19
77 17
78 3 34 51
79 10 58
80 51
81 2 10
82 19 51 57
83 3 56 67
84 1 19
85 10 41
86 38
87 10 19
88 41
89 8 34
90 19
91 2 25
92 10
93 3 19
94 34 41
95 3 34
96 8 67
97 10 51
98 4 51
99 41 53 67
100 51 61
101 51
102 20 34
103 21
104 23 37
105 1
106 19 34
107 29 58
108 10 19 67
109 47 67
110 10
111 3 47
112 2 37
113 10 57
114 10 17 29
115 29 42 56
116 3
117 41 67
118 51
119 34
120 3 41
121 16 55
122 29 37
123 10
124 67
125 51 67
126 19 37
127 58 59
128 9 19
129 37 41
130 2 19
131 67
132 2
133 51
134 57
135 3 67
136 1 3 67
137 10 67
138 12
139 3 67
140 54
141 19
142 10 37 67
143 8
144 27
145 23 29 47
146 29 67
147 47
148 3 25 51
149 10 35 73
