0 32 72
1 2 42
2 34 48
3 2
4 2 3 34 36
5 2 20 52 68
6 3 24 37 67
7 20 24 29
8 2 3
9 20
10 3 20 41
11 2 3 28 36 60
12 10 20
13 3 4 18 37
14 14 20 47 73
15 3 6 7 33
16 3 15 52 73
17 6 34
18 14 20 60
19 20 32 58
20 3 9 48
21 2 24 41
22 36 68
23 3 28
24 29
25 29 62
26 3 29 42 71
27 3 20 32 58 68
28 29 71
29 29 36 58 60
30 3 10 16 36 63
31 29 62
32 15 20 36 37 64
33 3 59
34 34 36
35 20 29 34 65 73
36 20 29 40 59 60
37 1 3 47
38 36 62
39 20
40 20 67
41 2 20 29 47
42 2 20 29 36 68
43 11 15 32
44 20 29
45 3 51
46 3 36 58
47 28 29 32 36 37
48 3 26
49 37 42 59
50 28 32 60 69
51 8 20 36 68
52 3 4 29 36 75
53 10 36 39 41
54 29 58 68
55 15 73
56 2 10 20 26 29
57 29 36 43
58 2 3 6 34 37
59 16 55 59
60 20 36
61 67
62 36
63 20 36 71
64 3 15 20 75
65 2 36 47
66 15
67 2 20 71
68 20 35 36
69 36 57
70 20 65
71 29
72 6 12 20
73 3 28 36
74 2 32 53 71
75 20 27 36
76 34 68
77 29 36
78 3 20 32 70
79 3 20 25
80 29 68
81 3 29 32
82 3 29
83 29 32 36 70
84 3 29
85 20 36 60
86 6 34 36
87 29 32
88 29 49 57
89 3 20 24 36
90 6 29 36 41
91 6 9 37 59
92 20 29 34 60 66
93 2 20 29 37 49
94 22 32 41
95 20 68
96 8 29 36 67
97 29 37 72
98 35 36 42
99 3 36 59 70
100 15 22 29
101 20 29
102 3 47 59 67
103 3 6 29
104 34
105 0 10 29 52
106 3 6 10 36
107 4 34
108 3 29 34
109 3
110 3 6 11 36 68
111 29 37
112 3 66
113 59
