0 47 52 61
1 52
2 14 33 50
3 29 48 52
4 7 29 39
5 12 13 29 40 50
6 7 13 26 47 50 52
7 17
8 26 29 32 37 41 50 52
9 3 17 29 41
10 15 17 29 34 47 50 52 57
11 47 60
12 29 32 52
13 13 29 32 52
14 30 37
15 7 17 23 29 40 50 62
16 13 16 26 29
17 12 22 34 52 54 58 61
18 0 12 29 41 44 48
19 12 13 17 27 29 35 50 52
20 9 28 29 33 37 39 50 52
21 50 55
22 9 24 29 47 48 50 52
23 41 50
24 13 29 47 50 52
25 32 47 50 52
26 16 33 50 53
27 0 4 17 28 32 50
28 27 47 50
29 1 7 29 59
30 52
31 12 28 29 50
32 28 52
33 12 50
34 25 32 41 50 55
35 16 29 37 47 52
36 10 17 36 47 52
37 1 13 16 29 47 50
38 7 20 47 50 51
39 2 16 28 29 37 50
40 29
41 16 27 29 30 37 39 50
42 1 33 42 50
43 29 52 57
44 29 33
45 52
46 29 30
47 15 28 32 34 40 47 50 52
48 3 20 28 37 39 50
49 17 29 39 50 52
50 9 13 28 29 32 40 50 52
51 11 21 22 29 34 50
52 29 47 48
53 6 9 12 24 29 50 52
54 1 30
55 7 29 47 50 52
56 28 29 52
57 52
58 20 52
59 2 29
60 29 45
61 12 28 29 52 54 60
62 16 17 29
63 29 49
64 12 28 29 33 50 52 55
65 2 3 16 29 50 52
66 13 30
67 3 29 40 58
68 21 29 30 33 47 50 52
69 30 52
