0 18 49
1 7 43
2 2 55
3 13 38
4 2 32
5 10 45
6 13
7 0 31
8 2
9 2 15
10 36
11 2 28
12 2
13 0
14 2 13
15 4 10
16 25 53
17 41
18 0 42
19 2 42
20 15
21 0 2
22 2
23 0
24 2 51
25 27
26 2
27 3 53
28 40 53
29 27 55
30 49
31 39 54
32 13
33 5
34 15 53
35 15 53
36 49 55
37 2 47
38 2
39 2 11
40 0 54
41 13
42 2 48
43 56
44 2 49
45 43
46 14 49
47 34
48 23 29
49 2 51
50 50
51 0 38
52 10 37
53 0
54 0 13
55 13
56 0 13
57 7 17
58 0 2
59 13
60 31
61 0 2
62 0 2
63 13 48
64 2 3
65 2 25
66 30 34
67 26
68 13
69 0 2
70 2
71 2 19
72 2 43
73 2 45
74 0 13
75 2 44
76 2
77 2
78 2 14
79 0 27
80 2 13
81 2 50
82 11 14
83 47
84 29 53
85 2 29
86 19 49
87 42 56
88 36 56
89 0
90 0 2
91 0 49
92 0 18
93 5 49
94 2
