0 6 64
1 18 43
2 19 82
3 64 72
4 72
5 23 67
6 24 64
7 19 70
8 48
9 23
10 23 38
11 35
12 60
13 19 38
14 25
15 48 77
16 27
17 58
18 18 72
19 14 91
20 57 76
21 1 54
22 12 38
23 58
24 17 39
25 48 51
26 33 51
27 20
28 3 72
29 15 19
30 23 38
31 15 35
32 20 54
33 15 82
34 38 72
35 26 51
36 47 71
37 18
38 23 38
39 38 51
40 71
41 5 82
42 39 82
43 38 50
44 17 34
45 82
46 48 64
47 19
48 18 80
49 27 34
50 31 77
51 13
52 91
53 34 51
54 6 31
55 51 70
56 43
57 32 54
58 70
59 38 85
60 57 77
61 27 55
62 36 57
63 38 66
