0 0 10 27 44
1 16 18 22 25 26 35 47
2 23 34
3 20 24 32 36 47
4 0 35
5 0 13 20 32 40 45 47
6 19 24 42 44 47
7 0 2 13 15 18 19 35 42 49
8 6 12 13 21 37 39 43
9 0 24 42
10 0 3 18 23 35 37 42 51
11 4 27
12 6 10 36 42
13 0 2 15 18 22 23 37 48
14 35 36 49 53
15 0 3 13 16 24 37 42 48 49
16 0 7 12 16 20 23 34 37 44 53
17 3 41
18 0 20 42
19 2 4 15 28 39 42 45 49 52
20 0 1 15 19 27 32 35 38 42 47
21 20 26 30 36
22 17 54
23 24 25
24 10 46
25 0 7 18 19 34 43 48 50
26 13 22 23 37 39 41 49 50
27 0 31
28 35 54
29 0 1 2 27 30 42 49 52 54
30 2 15 18 27 36 37 41 42 46 48
31 0 2 9 16 18 20 23 25 37
32 2 11 16 23 37 44 46
33 6 23 44
34 2 17 35 41 51
35 0 2 8 14 18 19 23 48 50
36 0 8 14 15 18 19 45 53
37 15 24
38 0 2 3 6 15 26 31 37 49 53
39 11 15 18 35 49
40 18 44
41 15 23 35 49
42 0 2 9 18 35 49 51
43 0 9 44
44 9 11 16 18 23 35 44 52
45 0 9 11 15 18 36
46 15 18 35 50 54
47 24 49
48 7 15 18 19 35 36 37 49 52
49 3 15 18 51
50 0 22 23 27 35 37 38
51 4 20 42
52 2 3 7 15 18 24 36 41 47
53 0 6 10 18 25 35 42 53
54 0 15 21 35 37 44
55 10 18 20 22 35 43
56 9 18 34 52
57 18 23 24 29 32 47
58 18 54
59 1 15 18 23 32 40 54
60 2 18 23 27 28 35 46 49 54
61 21 42 44 45 47
62 9 18 42 47 48 50 51 54
63 15 27 50
64 2 16 18 20 22 51
65 6 10 11 15 19 20 24 27 30 49
66 0 4 35 38 42 44 45 48 49
67 0 18 19 34 38 44
68 16 18 20 44 49
69 8 15 17 42
70 4 18 19 23 28 37 45 47 49
71 2 35 41 54
72 0 15 17 20 23 24 25 35 43 49
73 0 18 25 47 51
74 21 36 42
75 24 27
76 11 15 16 18 19 20 28 41
77 8 11 16 18 23 25 35 49
78 0 18 27 31 35 42
79 4 15 20 37 42
80 0 7 9 18 39 51
81 3 15 18 23 26 31
82 0 18 50
83 2 4 13 17 18 27 30 36 37
84 10 18 35
85 3 5 8 18 23 30 42 46
86 0 13 15 16 39 44
87 0 6 35 49
88 12 15 24 47
89 8 9 20 33 35 42 45 48
90 0 3 6 15 18 19 23 24 37 44
91 0 10 15 17 18 35 37 44 48
92 2 8 9 14 15 37
93 18
94 7 18 24 27 31 35 38 39 47
95 8 19 23 43
96 0 15 25 49
97 18 43 49
98 24 27 35 44
99 0 10 12 16 18 35 42
100 0 10 20 32 35 38 44
