0 21 28 57
1 69
2 8 15 21 57
3 11 20 44 50
4 20 33 48 50 57 62 76
5 49 57
6 8 26 48 59 75
7 56 59
8 1 15 20 67 75
9 15 50 62
10 48 62
11 4 50 55 58 59 76
12 51 62 71
13 8 20 23 35 62 75
14 4 29 38 40 57 58 65
15 23 24 26 56
16 12 56 59 62
17 26 50
18 20 39 57 61 62
19 17 30
20 8 61
21 56 57
22 29
23 27
24 20
25 11 19 27 56 61 75
26 20 65
27 18 27 48 50 57 62
28 11 35 48 59 61
29 11 23 44 55 56 62 75
30 52 75
31 26 50 57 62 65
32 56 77
33 33 48 54 56 61
34 8 20 39 50 57 59 75
35 55
36 20 29 50 59 65
37 27 62
38 28 56
39 11 56 57 78
40 51 57
41 8 62
42 8 20 27 50 61 62 74
43 11 12 20 39 50 57
44 8 15 26 49 56 62
45 20 57 59 61 62
46 11 56
47 16 23
48 11 21 50 62 63
49 26 50 57
50 11 55 57 76
51 59
52 11 27
53 8 27 31 37 50 78
54 8 11 16 55 62
55 28 39
56 20 50
57 50 62
58 40 48 59
59 11 21 27 50 76
60 20 48 57
61 20 21 48 50 57 61 69
62 11 27 55 56 57 75
63 8 50 59 71
64 55
65 11 48 50 56
66 56 59
67 40 48 57 59
68 1 27 29 59 62
69 50 55 57 58
70 8 15 76
71 17 21 26 27 29 50 54 77
72 8 26 48 50 57
