0 2 8 18 36
1 14 23 49 61
2 14 17 60
3 14 38 49 59
4 4 8 15 28 36 42 50
5 10 35
6 28 32 49
7 14 41 54 59
8 27 32 34
9 14 31 42 46 49 55 65
10 10 14 49 59 66
11 17 27 47 56 60
12 25 47 54 59
13 0
14 49
15 0 17 46 59
16 4 36 49
17 13 14 24 26 44 62 64
18 47
19 8 18
20 10 12 25 29 33 39 62
21 10 27 37 59 61
22 48 52 57 60
23 62 64
24 10 14 31 40 41 55 57
25 11 62
26 14 17 24 32 39 41 60
27 10 33 44 50 54 60
28 14 16 18 19 26 38 58
29 10 38 40
30 12 14 19
31 0 4 14 25 48
32 23 43
33 6 14 38 54 62
34 4 39 55 56
35 17 38 41 46
36 10 14 24 30 39 49 58
37 49 53
38 19 22 23 33 37 49
39 14 19 32 40 47
40 6 52 62
41 14 34 57 60
42 29 50
43 23 54 58 63
44 39
45 10 14 22 39 54 56
46 14
47 0 12 38 54
48 8 14 29 32 66
49 5
50 17 25 59
51 14 19 31 35 40
52 19 23 64
53 11 28
54 15 64
55 12 29 32 36 47 57
56 17 25 48 54
57 2 10 47 55 62
58 1 6 10 14 32 47
59 7 12 14 17 24
60 28
61 3 12 26 29 30 36
62 34 37 64
63 47 54
64 8 55
65 4 10 60
66 49 52
67 9 14 18 27 65
68 14
69 6 14 16 36 62
70 15 16 32 35 47 48 53
71 4 7 10 14 38 49 64
72 14
73 37 65
74 10 15 51
75 1 4 19 36 59
76 4 11 47 51 52 60 64
77 14 38 54 65
78 0 4 49 64
79 10 14 31 54
80 18 21 43 44 52 53 65
81 2 19 29 39 43 50
82 3 24 38
83 14 29 52 63
84 4 10 18 23 61
85 12 14 19 21 39 49 51
86 29 47 56 60
87 45 54
