0 1 16 32
1 32 46 48
2 24 32 39
3 32 40 41
4 23
5 16 19 23 24
6 8 16
7 1 11 24 50
8 8 25 48
9 16 32
10 16 23 24
11 23 24 41
12 24
13 24 43 48
14 1 15 32 48
15 0 47
16 16 48
17 11 16 24 48
18 22 24 41
19 15 32 41
20 24 33 46
21 5 16 24 51
22 1 23 27
23 32 37
24 15 32
25 16
26 7 15 43 46
27 11 41
28 11 16 48
29 7 17
30 30
31 11 16 34
32 16 23 47 48
33 15 23 24 35
34 4 15 48
35 12 24
36 7 21 24
37 37 39
38 13 16 24 34
39 11 24 49
40 24 31 32
41 0 24
42 0 16 24
43 16
44 0 42 47
45 24
46 16 24 40
47 0 37
48 16 34 41
49 24
50 5 48
51 7
52 4 23 24 32
53 15 24 32 34
54 11 18
