0 4 64
1 14 19 20 21 33 36 39 42 60 61
2 28 44
3 1 14 21 29 39 44 46 68
4 10 24 33 48 68
5 1 21
6 66 68 69
7 21 24 33 60 67 68 73
8 14 21 24 28 36 63 68
9 9 20 34 68 73
10 25 68 73
11 1 15 21 27 32 60 67
12 32 50
13 1 28 38 56 68
14 28 35
15 21 24 28 34 35 46 68
16 21 48 60
17 35
18 16 21 24 28 30 34 37 42 75
19 1 6 28 74
20 35 39 46 68
21 18 21 24 39 45
22 24 39 49 55
23 28 39 60 67 68
24 21 24 28 40 46 72 75
25 16 18 28
26 21 60
27 1 21 28 60
28 19 33 39 51 60 68
29 21 24 28 49 50 57 68
30 21 28 36 66
31 34
32 21 24 28 68
33 21 24 29 35 36 46 60 68 71
34 21 24 35 36 46 60
35 0 23 28 38 68
36 1 21 28 68
37 10 60 63 68
38 35 41 46 60 68
39 42 60 68
40 1 4 17 21 22 36 55 68
41 13 16 21 28 29 35 46 60 61
42 6 39 60 68 73
43 1 14 21 24 36 68
44 21 24 30 35 36 49 60 71
45 24
46 11 21 24 36 70
47 5 21 28 35 68 71
48 1 28 40 52 54 55 68 73
49 12 21 23 28 35 44 55 70
50 1 11 21 28 38 39 46 55 68 73
51 1 22 45 46 67 73
52 27 34 39 66 67 68 71 75
53 7 14 23 39 46
54 8 21
55 1 17 21 24 28 42 63
56 6 11 19 21 28 36 37 46 73
57 1 24 46 48 67 68
58 6 11 18 21 28 48 68
