0 19 38 43 58 65
1 10 65 72
2 19 29 42 49
3 57 65
4 29 33 65 69
5 0 4 31 43
6 0 22 33 65
7 44 48 65
8 4 31 44 64
9 6 33 45 65
10 14 34 55 65 72
11 31
12 26 28 43 70
13 19 33
14 33
15 25 28 31 45 60
16 19 29 31 51 65
17 25 31
18 19 39 53 58
19 65
20 31 45 55 70
21 31 33 60 65
22 1 5 31 43 65
23 7 31 43 65 67
24 5 8 53 60 65
25 43
26 47 60
27 8 31 59 65 70
28 32
29 19 20 24 41 70
30 29 31 65
31 4 65
32 31 42 66
33 14 43 45 58 65
34 65
35 16 31 34 43 65
36 31 33 65 70
37 22 33 72
38 4 9
39 33 43 65
40 4 14 32 65 67
41 3 31 58 59 67
42 31 70
43 4 14 33 51 60
44 12 31 33 43 51
45 62 65 67 69
46 31 33 43 65
47 0 32 45 47 65
48 19 31 43 47 58
49 28 31 70
50 16 24 33
51 31 62 64 67 70
52 12 33 39 45 69
53 19 51
54 19 31 32 65 67
55 31 67
56 14 23 43
57 58
58 23
59 28 31 33 60
60 19 31 33 58 65
61 33 38 43 58 71
62 19 25 31 42
63 19 31 45
64 4 21 31 50
65 40 67
66 33 45 60 61
67 70
68 16 38 67
69 0 19 45 65
70 14 33 45
71 5 31 41 51 71
72 12 45 70
73 40 43 59 70
74 5 31 64 65 69
75 24 29 31 33 51
76 4 5 64
77 14 23
78 31 33 43 60
79 21 33 46 58 62
80 4 7 33
81 14 40 42 50
82 65
83 67
84 19 26
85 4 28 31 60 65
86 31 60 64 65
87 67
88 4 65
89 15 32 41 43 72
90 65
91 3 14 31 32 65
92 4 58 70
93 31 32 34 63 67
94 14 25 28 39 43
95 33
96 4
97 17 63 65
98 28 42 43
99 58
100 33
101 16 69
102 31 58 65 67
