0 25 38 42 71
1 13 31 42 60 69 70
2 13 26 31 58 62 67
3 3 14 25 31 59 62
4 0 2 25 30 31 42 46 48 53 69
5 4 8 14 25 26 31 32 38 55 68
6 12 13 62
7 12 13 26 31 36 43 64 70
8 25 31 68
9 40 62
10 11 26 40 63 64
11 7 21 62
12 12 13 21 25 31 57 62
13 10 14 25 28 38 44 68 69
14 31 51 54 62 68
15 62 64
16 14 25 31 69
17 15 25 27 35 45 64 68
18 3 31
19 12 13 24 31 37 38 64 65 67
20 7 25 31 38 39 62
21 25 68
22 13 40
23 5 12 14 25 31 40 52 62
24 12 13 69
25 13 25 58
26 5 31 61 64
27 5 13 14 15 25 31 38 46 71
28 5 7 10 18 20 25 31 46 52 64
29 2 14 39 42 49 57 62 65
30 8 13 25 30 31 68 69
31 62 67
32 5 14 56 57 65
33 5 13 14 31 40 49 64 70
34 7 25 31 40 68
35 25
36 44 59
37 15 25 38 45 58 62 68 69
38 7 12 13 17 61 62
39 25
40 12 13 31 40 62 64 65
41 14 27 58 64 68
42 8 10 58 70
43 19 55 62
44 69
45 8 18 31 43
46 52
47 13 14 68 70
48 14 25 27 31 35 38 56 69
49 31 38 40 57 62 64
50 13 64
51 1 5 7 14 31 37 39 46 64
52 12 13 25 62
53 13 14 25 64 68
54 7 12 19 31 34 42 46 48 61
55 25 48 56 60
56 7
57 8 13 23 25 33 35 62
58 7 25 31 40 59
59 13 25 38
60 13 19 25 37 40 52 64
61 11 14 25 28 49 62
62 13
63 0 13 25 62 68 71
64 12 14 15 25 31 38 49 64 69
65 8 45 62 64
66 0 30
67 5 12 26 28 30 38 62 70
68 5 13 14 25 29 31 57
69 12 13 34 40
70 16 25 38 57 64 68
71 8 14 19 65 69
72 9 13 28 33 38 40 42 62 68 70
73 8 13 25 31 38 46 56 62 63 68
74 0 5 14 18 25 31 46 67
75 4 6 14 19 25 41
76 5 8 14 25 31 34 39 55 68
77 4 13 25 30 31 38 40 46 62 65
78 32 64
79 11 12 13 14 25 31 49 64 71
80 14 25 64
81 10 31 61
82 14 25 65
83 3 5 8 13 14 25 31 40
84 3
85 7 14 31 38 46 51 55 64
86 4 13 25 31 33 38 39 46
87 8 13 14 25 31 62
88 29 51 56 62 64 65
89 7 13 14
90 19 25 26 64 70
91 12 13 25 38 55 62
92 12 13 38 62 68
93 12 13 35 45 47
94 8
95 5 10 12 13 25 30 44
96 7 13 42 46 56 58 69
97 46 59 62 64 65
