0 11 22 33 42 48 51 67 71
1 2 4 6 14 21 26 51 81
2 6 8 36 48 68 73 81
3 51 65
4 0 48 51
5 2 72
6 12 52
7 3
8 29 65 72 78
9 36 40
10 37 70 71
11 3 49 81
12 2 4 12 46 51 72 74
13 4 12 38 39 51 79
14 56 71
15 19 21 34 48 66 72
16 8 18 29 51 55 71 77 81
17 4 12 28 51 71 72 81
18 6 12 22 51 71 72 80
19 18 35 36 42 66 74 79
20 22 24 26 27 65
21 26 67
22 2 13 68 81
23 68
24 3 50
25 11 51
26 16 51 72
27 13 26 51
28 9 57 74
29 13 17 25 32 48 64
30 20 23 24 26 81
31 55 81
32 0 7 36 43 48 54
33 3 22 45 58 65
34 4 11 23 24 26 70 71
35 12 48 51 53 67 71 81
36 0 13 79
37 39 72 81
38 3 14 18 48 74
39 11 12 27 44 51 72
40 81
41 17 24 26 48
42 24 74
43 33 48 57
44 4 13 25 35 38 51 69 72
45 4 34 55 57 62 81
46 1 11 48 51
47 2 35 43 48 51 71 81
48 4 12 23 39 64 72
49 4 12 23 38 51
50 72 82
51 16 30 57 72 81
52 10 28 52 72
53 2 12 51 72 81
54 28 72
55 48 59 81
56 2 4 15 29 43 61 72 81
57 4 43 71 72 73
58 4 41 45 49 52 71
59 48 51
60 72
61 44
62 12 28 46 48 51 71 72 75
63 18 39 47 48 51 71 72 79
64 2 35
65 12 41 57 71 72
66 42 48 50 54
67 4 7 11 28 29 48 50 57
68 29 43 71
69 43 71 72
70 13 26 29 39 51 58
71 72
72 51 74
73 12 28 48 60
74 81
75 13 39 69 81
76 2 26 44 51 80 81
77 11 12 72 74 81
78 71
79 2 4 12 51 81
80 2 48 69 70 81
81 18 23 38 40
82 5 16 24 30 36 51 81
83 16 44 48 51 62 81
84 7 12 16 39 48 68 77 82
85 17 47 51
86 2 17 43
87 4 22 35 51 53 72 81
88 50 55 72 74
