0 25 54 62
1 28 32 54 92 94
2 20 23 54 73
3 19 26 37 62
4 33 36 37 64
5 26 32 56 60
6 21
7 41
8 29 66
9 29 33
10 13 32 54 66
11 28 73
12 26 84 87 94
13 15 26 28 73 94
14 15 20 60 94
15 72
16 15 26 36 37
17 28 94
18 37
19 36
20 16 26 54 62 73
21 66 92
22 47 54 62 72
23 82 92
24 32 54 64 77
25 21 87
26 20 28 32
27 19 20 25 26 27
28 19 25 36 37 62
29 47 72 90
30 65
31 19 54 66 72 77
32 28 34 94
33 19 65
34 23 25 37
35 27 47
36 23 36
37 25
38 25 26 28 47
39 12 19 41 92 94
40 72 92
41 52 62 65
42 20 23 32 60
43 25 26 32 73 92
44 23 26
45 15 21 52 62
46 28
47 12 17
48 19 94
49 23
50 18 19 37 64 73
51 47 66 82 92 94
52 36 50
53 62 73 94
54 19 37 62 94
55 25 47 54
56 36 47 73 78 82
57 20 26 32 47
58 20 23 25 29 73
59 37 54
60 2 15 28 60 77
61 23 54 72 78 82
62 15 23 27 77 82
63 26 94
64 26 37 47 62 73
65 26 29 39 47
66 16 47
67 19 29 32
68 19 28 62 92
69 59 72 81 96
70 72
71 19 23 81
72 19
73 25 60 65 84
74 20 26
75 19 23 25 26 28
76 36
77 28 37 54 79 90
78 25 72 82 94
79 25 66 73
80 20 37 65
81 28 47 77
82 23 25 29 54
83 26 29 37 84
84 19 36 37 77 86
85 19 25 29 50 64
86 29 37 77
87 24 28 32
88 19 36
