0 0 78 93
1 0 38 41
2 44 63
3 28 30 79
4 4 24 39 53
5 43 70 77 87
6 54 64 79
7 6 76
8 34 54 80
9 24
10 12
11 34 68 69 78
12 27
13 3 38
14 19 37 54 81
15 24 93
16 23 24 39 61
17 1 26 43
18 3 52 54
19 7 28 45
20 47 54
21 58 64 86
22 75 83 88
23 26 54 77
24 8 55
25 54 64 93
26 40
27 20 54 83 89
28 31 54 81 93
29 24 54 78
30 7 13 69 81
31 24 31 41 57
32 12 38 54 89
33 23 26 75
34 44 47 54 84
35 10 82 90
36 56 78
37 4 15 93
38 5 33 54 82
39 26 54
40 24 36 39 54
41 43 79
42 4 7 24 32
43 9 26 40 44
44 6 87
45 48 71
46 12 37 93
47 0 26
48 20 45 58 64
49 4 57 78
50 10
51 31
52 61
53 6 32 49 54
54 13 44 54
55 39 74
56 4 38 79 88
57 54
58 15 62
59 20 62
60 2 54 69 77
61 0 31 70
62 2 26
63 1 39 88 89
64 17 54 79
65 23 60 76 85
66 58
67 26 54 61
68 15 61 81 84
69 1 19 54 71
70 2 20 35 83
71 24 25 78
72 4 41 54
73 4 27 39 63
74 8 54 78
75 54
76 26 59 75 88
77 40 55 87 89
78 31 42 50 92
79 54 79
80 17 87 91
81 5 26 47 54
82 0 7 92
83 46
84 24 26 78
85 66
86 20 34
87 55 88
88 1 27 37
89 4 31 32 71
90 9 12 63 73
91 31 54 67
92 39 61 78
93 6 26 40 60
94 54 66
95 12 24 54
96 5 30 40
97 38 76 78 89
98 19 26 59
99 0 2 20 24
100 54 62 66 74
101 0 54
102 0 7 86
103 21 26 30
104 31 39 54
105 54 57
106 62
107 30 33 40 89
108 39 56
109 26 54 55
110 20 58 77
111 94
112 24 26 54 70
113 17 24 25 57
114 25 26
115 79 93
116 71 86
117 72 75 77
118 59 77
119 24
120 7 45 54
121 0 15 31 89
122 20 23 32
123 25 34 54
124 26 76
125 81
126 24
127 24 54 78 82
128 23 30 34 84
129 4 54 79
130 38 54
131 63
132 24 26
133 24 43 47 91
134 24
135 0 74
136 47 70
137 13 24 41
138 54 93
139 50
140 6 17 35
141 25 68
142 14 28 80
143 1 4 37
144 0 24
145 17 75
146 22 43 57
147 9
148 30 44 78 79
149 32 57
150 7 26 89
151 26 62 72
152 32 75
153 30 54 66 69
154 4 20 89
155 1 38 57
156 26
157 18 19 26 76
158 54 59 80 93
159 37 63 80 84
160 25 40 84 87
161 3 14 78
162 17 77
163 4 89
164 24 36 47
165 18 31 54
166 0 47 71
167 2 44 54 65
