0 22
1 13 23 25 37 39 47 49 50
2 15 24 25 37 41 43 45
3 25 43 54
4 2 20 25 35 38 43 47 52
5 15 29 37 45 46
6 20 25 26 30 35 43 45
7 3 25 35
8 7 23 25 34 35 37 43 52
9 23
10 9 25 43 49 55
11 35 45
12 25 45 54
13 39
14 13 17 24 30 52
15 9 13 29 34 39 43
16 29 32
17 13 17 25 45 49 52
18 1 23 46
19 20 25
20 1 21 22 25 30 40 45
21 25 35 47 52
22 25 35
23 4 25 30 35 49 52
24 24 25
25 23 25 35
26 19 30
27 38
28 26 30 54
29 2 22 25 43 51
30 15
31 22 35 52
32 4 25
33 16 25 35 52 53
34 12 13 14 16 39 51
35 25 33
36 43 46
37 23 25 26 32 35 43 47 48
38 21 26 44
39 22 30 34
40 15 16 25 31 43
41 9 15 25 35 45 53
42 5 29
43 23 35 40 43 45
44 35 54
45 3 24 29 37 54
46 25 35 38 43 44
47 4 7 19 28 52
48 25 29 43
49 13 25 32 35 54 55
50 23 24 25 35 43 51 53
51 43 49
52 23 25 29 35 40
53 3 13 23 25 43 46 47
54 0 24 31
55 26 47
56 45
57 13 24 45
58 35
