0 0 2 13 23 47 59
1 12 13 22 30 36 45 63 69
2 7 15 59
3 19 29 40
4 2 9 36 48 52 66 70 74
5 45 55
6 0 21 41 63
7 0 13 47 60
8 66 72
9 30 32 41 45 59
10 17 20 29 65 66
11 10 27 36 46 66
12 0 13 14 15 22 59
13 26 53 56
14 3 30 36 42 48 59 67
15 20 22
16 27
17 2 11 61
18 0 7 12 14 24 47 55 74
19 19 32 56 60 74
20 4 59 69
21 26
22 19 22 42 45 74
23 13 19 20 30 36 54 59
24 2 13 23 36 49 50 71 74
25 2 4 7 23 47
26 20 49 56 59
27 15 20 21 36 49 56 66
28 0 36 43 47 56 60 63 71
29 30 48
30 2 14 36 41 50 58 74
31 2
32 6 18
33 0 2
34 22 27 56 66 68
35 7 26 60 63 66 71
36 0 36 56
37 16
38 2 43 59 62
39 15 22 29 34 41 58 67 74
40 12 22 41 45 67
41 2 4 22 36 46
42 20 59 66
43 6 13 20 56 59 67
44 19 27 50 60 62
45 35 43
46 5 13 22 33 40 71
47 2 22 66 74
48 36
49 0 13
50 2 17 22 56 59 61 67
51 13 22 32 51 74
52 13 36 40
53 0 19 20 70
54 0 50 73
55 2 3 13 52
56 55 60
57 13 20 39 41 59
58 0 1 20 34 49 65 73 74
59 20 74
60 31 34 45 47 56 61 66 69
61 17 66
62 0 20 34 50 53 60
63 4 45 63
64 2 7 46 51 59 62 71
65 16 17
66 30 37
67 2 36 47 66 69
68 10 27 32 47 53 56
69 50 52 56
70 17 18 19 35 51
71 2 20 66
72 0 1 46 47 63 66 67 74
73 13
74 8 48
75 40 62
76 59 66 74
77 20 56
78 7 13 18 50 56 59 61
79 0 2 19 20 35 36 56
80 13 15 22 31 36 39 57 72
81 1 2 39 66 73
82 18 25 41 66 73
83 5 23 29 37 56
84 47 57
85 17 35 60
86 45 56
87 0 20 33 45 53 66 71
88 0 13 14 20 42 55 59
89 4 5 19 35 59 61 67
90 2 13 21 23 59 66 70 74
91 17 28 36 41 56 61 66
92 1 4
93 20 35 40 63 66
94 22 35 36 56
95 2 17 22 29 35 40 55 74
