0 3 34 38 49 56 65
1 6 30 38
2 38
3 0 19 38 45 52
4 0 51 67
5 0 49 67
6 35 38
7 0 22
8 0 56 61
9 0 14 36 38 56
10 0 1 38
11 0 19 25 54 56
12 0 1 10 40 61
13 0 9 36 38 49 56
14 0 37
15 0 19 29 32 47 54 62
16 0 14 46 59
17 5 7 56 61
18 22 50 56
19 0 9 15 38 47
20 3 9 19 34 46
21 54
22 0 2 7 38
23 0 3 14 33 48 56 66
24 6 13 55 57 66
25 0 36 54
26 0
27 11 44
28 0 32
29 23 32 52 61
30 0 19 20 43 59
31 19
32 3 28
33 10 15
34 0 38
35 0 20 34 47 59
36 7 14 53
37 0 7 19 34 56
38 4 38 49 59
39 0 20 21 47
40 0 38 44 56
41 11 24 38 44 45
42 0
43 0 10 38 46 59
44 0 19 20 25 38 52 56
45 11 19 22 36 38 51
46 0 29 57
47 0 27 33
48 0 2 7 56 62 65
49 0 18 38 56
50 19 38 43 47 57
51 38
52 0 7 15 32 56 61
53 0 11 56
54 0 12 25 53 57 65
55 0 33 38 51 61 64 65
56 0 1 19 28 50
57 3 8 29 38 57 61
58 20
59 37 48 56 58
60 0 15 34 38 67
61 41 47 59 63 64
62 0 40
63 0 9 36
64 0 13 26 56
65 0 6 19 56 57 67
66 4 17 63
67 29 38 56 65
68 0 12 38 56
69 0 22 23 33 34 54
70 0 3 24 66
71 38 56
72 0 8 38 53 56
73 0 11 14 35 38 51
74 0 11 12 34 37 56 64
75 38
76 0 7 38 54 56
77 0 4 33 47 56 64
78 0 27 38 42 61
79 0 4 7 11 19 56
80 0 2 32 65
81 32 38 46
82 0 15 44 46 58 61
83 0
84 0 19 30 38 39 40 66
85 0 19 20 34 39 61 67
86 14
87 0 56
88 0 7 49 56
89 2
90 0 7 38 56 57 65
91 7 10 47
92 21 38
93 0 3 11 29 56 61
94 0 17 30 38 56
95 0 9 22 30 43 65
96 0 7 23 29 33
97 7 15 24 38 55
98 0 27 36 38 56
99 30 38
100 23 38 39
101 3 7 24 38 46 55 56
102 0 13 18 40 53 58
103 26 50
104 0 9 38 51 55 58
105 0
106 0 14 38 56 60
107 0 7 30 38 51 56
108 8
109 0 36 50 61
110 0 3 8 38 57 65
