0 26 61
1 26 35 43 48
2 5 45 59
3 16 43 45 55
4 26 30 34 39 60
5 22 26 27 34 45
6 43 51 52
7 18 21 22 26 47
8 55
9 34 43
10 26 28 30 55
11 13 26 34
12 9 26 38 45
13 2 8 26 40 43 45
14 22 34 41
15 3 17 43 45 50 56
16 16 20 26 34 44 48 54
17 2 3 19 26 55
18 34 43
19 11 24 26 43
20 5 10 14 26 45 55
21 1 26 28 34 45 48
22 38
23 8 18 37 45 52
24 20 41
25 8 45
26 24 34
27 7 34 43 54 60
28 26 46 52 55 57 58
29 6 8 33 43 45 55
30 27 45 51 55
31 26 27 55
32 2 14 25 26 43 45
33 26 32 37 45 47
34 3 34 48
35 24 34 41 45 52
36 7 26
37 5 8 24 26 34 48
38 30 38
39 2 38 52
40 26 42 45
41 10 35 37 45 62
42 20 29 55
43 26 43 45 51 55
44 6 26 35 45 48 52
45 20 26 52 53
46 26 37 43 45 55 60
47 28 48
48 61
49 26 30 39 47
50 20 35 38
51 6 20 26
52 7 20 26 43
53 2 45
54 26 29 34 35 45 49
55 10 16 20
56 34 45 60 61
57 22 26 39
58 25 51 57
59 31 33
60 26 28 33 34 35 40 45
61 7 10 26 38 51
62 6 7 11 34 45 60
63 34 45
64 26 45 46
65 41 45 54
66 26 45 49 62
67 5 11 45
68 1 2 23 26 32 45
69 1 26 31 43 45
70 13 30
71 7 16 31 34 45 47
72 20 26 34 45 49 61
73 2 6 34 35 38 40 45
74 6 34 38 45 61
75 8 20 32 40 45 48 60
76 4 19 26 43 45 60
77 38 40
78 3 26 44 45 47
79 17 19 24 26 59
80 9 16
81 2 18 47 58
82 7
83 19 34 49 55
84 26 34 36
85 26
86 26 43 55
87 26
88 26 30 61
89 4 5 26 32 42 43 51
90 10 18 24 37 45 60
91 1 18 21 26 28 34
92 33 44 45 48
