0 3 7 12 23 41 47 52
1 9 22 27 42
2 29 35 51
3 0
4 3 12 20 41
5 4 32 47
6 44
7 20 34 36 49
8 0 4 50
9 1 8 20 25 27 39 46 48
10 0 3 24 40 46
11 2 13 15 26 30 37 42 46
12 4 24 33 51
13 5 20 23 45 49
14 26 33 37 49
15 1 5 20 21 25 30 36 37
16 1 11 19 21 25 29 33 47
17 9 13 15 35 43
18 18 20 31 37
19 1 9 11 12 14 22 52
20 1 3 5 11 33 44
21 3 12 21 23 25 33 37
22 3 16 18 24 25 49
23 0 2 5 11 31
24 11 21 25 27 52
25 0 12 19 25 30 47 49
26 21 31 39 49
27 30
28 9 12 14 33 38 46
29 0 5 11 35 44 49 50
30 2 19 20 26
