0 8 21 23 29 33 38 40
1 23 36 38 50 78 82
2 36 40 71 75 82 88
3 6 33 38 62 73
4 19 23 48 56 60 63 82 84
5 23 38 48 68 75
6 7 23 30 38 67 82
7 4 5 9 11 38 55 62 71
8 3 23 38 40 48 51 66 81
9 26 52
10 38 63 87
11 15 26 27 38 60 67
12 21 23 36 38 55 60 71 82 96
13 21 38 86
14 23 59 94
15 27 68 84 87
16 28 38 55 56 94
17 40 86
18 12 22 26 27 38 55 62
19 54 55 59 60 97
20 60 66 78
21 27 38 75
22 52
23 0 8 38 53 62 77 95
24 21 36 40 54 62 81
25 20 52
26 3 5 20 21 62 68 71
27 29 31 38 51 53 60 67 79 82
28 21 22 23 38 40 49 60 67 85
29 0 33 50 71
30 33 68
31 38 60
32 48 75
33 23 33 38 51 55 62 64 82 97
34 23 38 54
35 9 29 38 55
36 60 68 71
37 8 33 38 72
38 36 51 87
39 5 30 33 38 40 71 83
40 33 60 62 96
41 21 38 40 71 97
42 8 12 23 82 93
43 55 58 82
44 12 21 27 33 38 55 80 92
45 14 31 38 62
46 38 40 67 75 85
47 21 33 46 55 56 60 62 67
48 21 38 49 93
49 18 21 36 62 67 88 94
50 3 13 21 38 62
51 0 4 31 38 52 58 90
52 27 52 70
53 12 38 39 44
54 0 11 38 40 53 64 66 76 88
55 33 38 76 83
56 16 19 23 38 58 88
57 18 29
58 13 40 56
59 26 37 38 40 45 72 82
60 38 75
61 16 33 36 38 62 75 81
62 23 33 34 35 40 72 80 82
63 4 21 33 38 40 50 67 82
64 2 23 29 96
65 9 25 35 38 75
66 21 38 72 85
67 3 23 24 28 38 55 75
68 21 56
69 0 34 38 43
70 23 29 34 38 39 55 62 71 81
71 48 60 71 82
72 52
73 5 36 55
