0 26 48
1 7 20 26 27 28 32 60
2 6 7 11 28 53 86
3 7 9 11 48 60
4 3 11 21 33 48 73
5 19 28 67 69
6 7 23 28 49 60 85
7 11 25 81
8 7 11 22 27 28 49 53 60
9 27 62 67 81 85
10 13 28 48 50 83
11 7 21 59 67 69
12 11 12 26 41
13 18 26 46 58
14 7 11 14 27 69 77
15 20 22 48 49
16 3 5 26 49 73 75
17 27 53
18 27 53
19 49 67
20 28 31 49 73
21 3 11 14 21 22 60 69 73
22 48 60 69 76
23 11
24 7 14 33 49 58 78
25 60
26 2 7 27 49 69
27 38 60 69 85
28 28 49
29 19 27
30 6 11 22 24 73
31 7 11 26 35 45 67 69
32 49 55 58 73 85
33 9 21 23 45 53
34 9 23 27 60
35 23 40 48 49 53 74
36 7 23 28 53 75 78 81
37 3 40 52 60 69 77 85
38 11 22 23 26 49 53 67
39 7 36 40 59 67 73 85
40 3 48 88
41 3 14 27 28 48 73 79 81
42 42 49 60 69
43 23 58 73
44 60 83
45 14 58 67 73
46 27
47 7 77
48 4 27 48 49 55 58 60 73
49 77 86
50 3 7 22 28 69 73 77
51 7 31 48 49 53 73 81
52 28 73 83
53 7 26 31 48 69
54 60 73 74 83
55 8 27 28 73
56 9 11 21 28 49 58 73 78
57 2 3 7 67 81 83
58 11 15 27 49 53 60 75 85
59 26 45 48 54 56 69
60 3 7 22 28 34 49 51 67
61 5 26 27 40 53 67 73 85
62 14 18 28 34 38 48 49 67
63 26 28 29 67 69 73 78
64 3 7 22 40 60 69
65 3 11 18 22 27 60 77 85
66 9 27 60 73 77
67 11 49 56
68 7 11 23 26 28 49 67 69
69 7 11 38 46 60 73
70 11
71 14 27 48 49 53 60 73
