0 9 15 39 58 59
1 29 51 60 79 80 81
2 43 59 60 67 69 72 74
3 72
4 2 60
5 5
6 5 16 31 41 79
7 10 11 16 21 41 48 78
8 13 18 23 36 41 68 72 75
9 5 9 12 27 48 58 72 78
10 1 2 10 29 31 40 65 72
11 10 36 64
12 1 5 16 33 37 57
13 4 64 65 71 75 77
14 1 6 20 27 33 59 65
15 5 8 46 53 55 69
16 5 23 36 72
17 2 6 32 47 59 66 72 79
18 5 23 28 40 46 61
19 0 5 7 15 39 44 53 57 72
20 10 11 60 74
21 5 10 26 37 46
22 5 33 56 72
23 0 21 39 51 68 70 72 78
24 5 34 47 49
25 61 70 74
26 5 29 35 46 70 72
27 2 4 19 24 41 56 65 69 74
28 5 30 70
29 5 10 21 55
30 5 8 12 25 41 72
31 4 5 18 31 33 37 51 72
32 19 35 68 72
33 8 10 19 43 66 67 72
34 17 27 35 72 76
35 2 5 6 24 33
36 5 31 34
37 35 65 72
38 5 6 10 23 67 72 74
39 64
40 12 30 38 41 44 46 58 72 74
41 5 22 39 54 60 63 74 81
42 2 4 5 10 23 34 62 72 74
43 57
44 33 37 59 63 64 72
45 10 14 30 53 72
46 11
47 1 44 45 72 78 79
48 19 22 24 29
49 23 43 46
50 5 38 51 55 56 72
