0 39 43 52 56 57
1 21 23 37 39 49 58 68
2 33 39 43 49 52
3 12 23 35 39 42 49 52 57 60
4 21 37 50 52
5 10 48 57
6 14 21 49 52 57
7 23 37 50 57
8 42 56
9 43 57
10 28 39 42 47
11 0 23 36 41 51
12 13 23 27 35 42 43 66
13 23 39 43 47 57
14 18 21 43 57
15 27 39 57
16 9 12 21 23 39 42 52 56
17 12 35 39 43 49 56 57 68
18 53
19 10
20 30 42 43 47 52 57
21 27 56 57
22 23 39 48 57
23 0 21 39 42 57
24 21 23 39 44 46 50 61
25 23 49 52
26 21 27 39 42 43 48
27 21 23 39 40 42 43 47 48 57
28 21 23 39 42 43 47 49 52 57 68
29 25 43
30 5 21 23 42 43 49 50 68
31 22 42 47 48 52 56 57 61
32 23 35 39 43 47 49
33 9 23 38 47 52 61
34 49 52
35 21 27 39 40 41 47 49 52 68
36 13 57
37 13 21 33 47 57 65
38 35 39 47 57
39 21 23 39 50 52 57
40 13 21 39 43 49 50 56 57
41 23 37 43 52 56 57 68
42 0 21 30 39 43 49 50
43 21 42 47 48 49 52 59 61 68
44 23 27 36 41 42 48 57
45 39 42 43
46 21
47 56 68
48 21 43 45 49 57
49 9 14 21 33 49 50 52
50 5 27 39 42 48 49 52 58
51 21 23 27 52 53 56 57 61
52 50 52 57 59 69
53 5 13 21 23 24 42 49 56 57
54 15 20 21 27 33 49 57
55 12 39 43 52 56 57 68
56 68
57 21 23 37 39 42 43 49 52 57
58 3 14 23 33 39 41 68
59 3 5 39 53 68
60 48 52 54
61 43 49 52
62 23 39 42 43 49 57 61
63 21
64 34 37 39 42 49 68
65 24 43 47 48 49 60
66 21 35 39 43 47 52 56 61 68
67 49
68 5 23 27 37 39 42 49 52 57 59
69 16 21 24 42 47 50 52 68
70 52
71 21 39 43 50 57
72 0 2 4 21 23 37 42 49
73 21 31 42 47 57
74 13 21 23 39 42 47 52 53 68
75 56
76 5 21 23 25 37 42 43 50 68
77 9 21 23 37 43 49
78 14 21 48 50
79 21 23 61
80 21 35 39 43 57
81 1 21 31 39 41 43 47 48 52 68
82 21 61
83 29 48
84 23 42 49 50 57
85 21 27 41 49 52 65
86 3 21 27 39 49 68
87 21 23 33 34 43
88 21 23 35 39 49 52 62
89 23 42 48 52 56 57
90 21 23 27 39 43 44 47 49 57 59
91 21 30 42
92 21 39 43 49 52 59
93 9 39 42 43 49
94 14 27 48 49 52
95 21 36 42 49 52
96 0 18 23 41 43 47 49 52 54 67
97 12 18 21 42 43 50 52 57
98 14 23 39 43 46 57
