0 5 13 15
1 59 65
2 56
3 33 59
4 7 22 39 40
5 15 66
6 33
7 9 63
8 42 61
9 9
10 6 66
11 16 36 39 54
12 16 59 66
13 5 48
14 9
15 15 42 59
16 0 13 19 66
17 5 15 45 66
18 0 16 46
19 5 39 41 45
20 54 67
21 15 16 56 63
22 7
23 42
24 42 56 63 66
25 5 15
26 5
27 19 49 59
28 9 15 45 59
29 19 28 44 66
30 6 19
31 19 59
32 5 45
33 45 56
34 9 65
35 7 9 47 57
36 42 54 65
37 6 9 42
38 13 15 42 65
39 6 42
40 5 52
41 6 19 42 46
42 7 16 17 19
43 13 46 59 61
44 42 64 65 66
45 16 19 20 65
46 56 57 59 66
47 0 13 15 65
48 33 42 56
49 61
50 16 33 41 66
51 19 42 45
52 35 56 66
53 15 32 33
54 15 44
55 19 66
56 44
57 15
58 7 22 65
59 42 56 57 65
60 9 16 56
61 56
62 5 7 32
63 1 5 9 61
64 0 13 40 59
65 63
66 9 66
67 15 48
68 36 44 59
69 6 16 44
70 16
71 19 42 57
72 6 7 15
73 42
74 19 56
75 6 39
76 9 19 56 66
77 20 42
78 10 61
79 1 5 19 39
80 45 59
81 7
82 0 42 64 65
83 5 6 59
84 25 44 56 66
85 41 49
86 42 56 65
87 5 41 42
88 65
89 32 42 56 65
90 15
91 7 32 44
92 19 59
93 16
94 45 59
95 6 39 57
96 5 42 54
97 9 39 59 63
98 16 41 59
99 15
100 9 15 40 66
101 15 48 66
102 25 56 59 66
103 9 19 42 47
104 10 63 67
105 19 56
106 5 39 42
107 14
108 6 13 16
109 8 42 49
110 42 59 66
111 6 63
112 58
113 44
114 5 33 38 66
115 19 37 57 65
116 39 42 66
