0 29
1 22 40
2 15 18
3 38
4 24 30
5 15 32
6 1 38
7 36
8 14
9 23
10 10
11 0 13
12 13
13 14
14 37 49
15 15 36
16 0 15
17 31
18 27
19 14 32
20 31 47
21 45
22 31 32
23 0 31
24 13 31
25 28
26 13 31
27 6 31
28 37
29 1 17
30 35 45
31 14 31
32 20 26
33 48
34 13 25
35 31
36 32
37 13 33
38 18
39 23
40 7 17
41 9 29
42 13
43 26
44 18 37
45 26 32
46 14 31
47 10
48 14 26
49 17 20
50 32
51 1 32
52 16 32
53 6 25
54 28 32
55 6
56 17 41
57 17
58 0 44
59 34
60 32 47
61 37 47
62 48
63 9 26
64 14 35
65 26 45
66 5 34
67 31 34
68 4
69 5 47
70 31
71 13 14
72 31 45
73 13 45
74 31 32
75 17
76 32 45
77 47
78 13 21
79 29 32
80 14 26
81 0
82 20 29
83 26 35
84 27
85 24 32
86 29 45
87 5 31
