0 9 46 72
1 14
2 11 21 63
3 11 51 77
4 10 21 22 24 51 84
5 46
6 10 11 30 34 35 38 44
7 14 19 20 28 46 72 92
8 3 9 11 90 95 96
9 11 29 37 46 60 71 88 93
10 46 47 68 94
11 5 6 10 65 68
12 34 46 55 76
13 1 9 28 40 92
14 7 27 46 67 77
15 34 46 50 64
16 9 36 43 46 66 77
17 21 25 32 46 64 79 90
18 20 46 47 77 88
19 20 43 44 46 55 62 66 77
20 4 9 21 32 34 46 51 85
21 9 11 28 46 58 66 68 90
22 20 46 53 57 77
23 30
24 4 9 46 77 80 94
25 70 77 94
26 28 34 44 64 86 88
27 2 22 51
28 13 20 46 63 97
29 11 29 46 93
30 20 46 62 76 77 94
31 11 20 44 50
32 11 38 98 99
33 46
34 9 46 92
35 9 20 47 59 60
36 3 25 28 48 60 91
37 97
38 33 59 60 64
39 46 94
40 29 46 49 57 66
41 11 93
42 34 53
43 46
44 2 9 23 25 45 46 76
45 4 12 35 47 54 74 81
46 18 20 21 27 28 46 60 90
47 28 48 49 83
48 11 66 68 75
49 18 20 33 44 62 66 86
50 35 47 59 66
51 12 46 66 72 93
52 28 30 34 46 90
53 21 31 34 46 49 77 79
54 20 46 76
55 9 20 22 34 37 46 51 77
56 25 76
57 11 47
58 40 46 66
59 20 65
60 15 16 21 22 23 46 66
61 9 40
62 76 88
63 15 34 37 46 51 58 77
64 16 19 34 35 46 59 77
65 21 46 66 68 77
66 42 46
67 4 9 11 46 49
68 45 62
69 4 26 30 44 80 96
70 11 66 93 94
71 11 12 28 35 46 57 58 67
72 10 12 20 37 46 58 74
73 20 21 46
74 17 28 66 78 88
75 19 21 35 41 46 64 86 94
76 20 40 47 60 88
77 24 35 46
78 22 26 27 63 88
79 4 7 27 45 46 64 76 94
80 23 61
81 8 49
82 20 66 80 94
83 6 22 36 66 76
84 9 22 46 59 84 92 94 95
85 37 46 65
86 36 46 82
87 20 46 51 77
88 20 26
89 8 11 21 36 46 86 90 94
90 25 36 57 94
91 77 90
92 50 96
93 11 25 35 46 54 59 66 88
94 20 46 66
95 32 33 34 46 63
96 11
97 11 37 43 61
98 27 34 77
99 23 57 86 94
100 8 10 28 32 38 70 71 92
101 5 46 59
102 27 44 46 57 63 66 67
103 25 53 64 72 90 95 97
104 8 14 30 66
105 1 34
106 9 11 20 44 53 67 69 91
107 5 86
108 21 64
109 11 18 32 49 53 77 94
110 34 46 52 87
111 14 32 45 60 77 92 97
112 34 46 77 90
113 6 88
114 19 46
115 11 14 15 21 41 51 77
116 2 20 21 27 46 66
117 22 29 38 60 62 64 72 87
118 46
119 9 16 30 35 86 96
120 22 28 45 98
121 2 28 34 38 41 89 97
122 11 40 46 71 77
123 25 46
124 11 35 51 57 58 86
125 11 46
126 4 20 34 46 50
127 11 30 39 46 95
128 33 46 67 73 77 79 99
129 7 20 49 81
130 5 15 28 57 66
131 0 11 46 62 82 89 90 92
132 5 27 46 79 97
133 46 77
134 4 11 76
135 27 37 41 46 77 88 94
136 20 37 46 47 57 84 86
137 20 22 43
138 46
139 15 20 32 33 66 94
140 56 57
141 11 20 24 27 46 57 93 94
142 20 30
143 20 27 30 46 49 62 63 90
144 20 34 37 55
145 21 94
146 9 27 35 46 47 63 90 95
147 18 19 20 27 51 52 67
148 25 27 37 46 47 74 76 84
149 14 20 22 27 46 60 61 64
150 32 46 55
151 1 6 9 38 42 46 49 60
