0 75
1 60 75
2 21 50
3 17 28 64 70
4 4 8 25 65
5 70 72
6 57 83
7 8 65 93
8 7 44 58 94
9 9 23 58 69 86
10 35 67
11 20 23 85
12 14 26 29 37
13 9 24 37
14 9 12 58
15 29 45 67 93
16 62 75
17 35 47
18 23 42 50 64 93
19 5 28 52
20 20 84
21 44 50 84 88
22 28 33 67 75
23 31 56
24 6 14 64 67
25 40 54 67 80 94
26 54 55 58 70 75
27 22 34 55 70 97
28 10 18 20
29 71
30 22 26 37 39
31 6 18 20 58
32 0 14 57
33 4 10 32
34 23 35 58 66
35 18 67
36 33
37 3 19 51
38 7 44 52 80
39 31 47 55 90 95
40 15 33 58 67 70
41 2 34 45 59
42 28 78 87
43 10 72 76 89
44 10 53
45 14 20 30 35 36
46 4 14 50
47 5 26 47 53 64
48 10 41 74 94 95
49 48 89
50 19 23 55 74 86
51 11 14
52 17 56 73
53 67 95
54 35 77 90
55 8 14 25 35 58
56 29 58 71 80 92
57 7 18 41 54
58 7 41 70 89
59 35 73
60 4 38 47 57
61 42 48 67 82
62 28 68 74
63 6 9 25 50
64 3 26 39 41
65 14 42 64 82
66 14 34 40 48 82
67 11 61 84
68 35 55 58 66 72
69 29 42 45
70 10 75 83 89 94
71 3 7 58 78
72 28 57 58 62 82
73 0 10 38 65
74 45 62 67
75 34 37
76 58
77 67 84
78 10 16 22 33 78
79 8 23 31 60 68
80 14 65
81 4 12 26 35 64
82 14 62 73
83 13 35 66
84 0 12 74
85 24 61
86 40
87 24 26 58
88 15 23 65
89 3 14 38 44 65
90 45 58
91 21 36 39 78 96
92 14 30 35 60
93 8 45 66
94 12 55 58 97
95 10 35 57 67 70
96 15 34
97 8 11 20 76
98 2 6 51 81 94
99 16 55 58 96
100 10 32 58 70 71
101 17 41
102 7 55
103 5 8 18 49
104 7 58 70 95
105 10 22
106 20 24 29 93
107 16 41 58 59 79
108 14 56
109 3 57
110 0 8 70
111 7 20 29 35 56
112 35 67 77
113 17 36 37 58
114 2 8 57
115 40 51 61 63 64
116 36 43 48 72
117 14 23 58 76 88
118 8 17 41
119 33
120 18 63 85
121 6 54 96
122 2 55 93 94
123 42
124 22 39 45 89
125 11 36 37 75 83
126 13 39 72 97
127 16 39 63 70 89
128 14 58
129 6 44 76
130 4 14 72 76
131 0 7 10 67 70
132 12 15 21 71 95
133 10 59
134 13 25 26 77 95
135 23 56 62 67 80
136 65 73
137 0 8 11 85
138 59 60 63 71
139 17 89
140 2 14 42 58 86
141 44 46 67 76 83
142 8 42 73 80
143 55 67 79 95
144 85 93
145 8 42 64 81 95
146 27 42
147 26 32 37 64 65
148 10 65
149 47 58 78 79
150 14 16
151 25 42 70
152 13 44
153 3 7 33 67
154 8 63 72
155 0 14 20 26 35
