0 43 63 78
1 6 28 35 63
2 0 9 14 38 43 56 62 63
3 4 9 21 63 68
4 31 43 57 68 80
5 52 68 72
6 0 1 17 40 43 60 63
7 0 14 19 41 50 54 63 68
8 41 43 68 75
9 0 32 41 60 68
10 17 31 41 63 68 73 75 79
11 6 17 47 57 60 68 75
12 26 46 50 63 68 75
13 27 63
14 32 33 39 41 57 63 79
15 7 37 50 63 68 72 78
16 34 41 43 63 68
17 9 24 37 63 78
18 0 29 54 57 75 79
19 0 15 41 42 43 63
20 14 26 29 78
21 14 17 26 41 43 44 73
22 5 9 14 52 63
23 5 14 37 54 62 63 75 79
24 45
25 17 19 63 73
26 3 26 63 68
27 23 35 43 63 66 68 69 72
28 6 9 34 41 43 63 68 75
29 8 14 17 43 57 63 68
30 73
31 35 38 41 63 67 74
32 0 57 63 75
33 51 61 68 75
34 12 14 19 41 54 57 63 65 68
35 19 57 75
36 14 32 43 63 68
37 38
38 17 48 68
39 57 63 68 72 73 74
40 68 74
41 9 10 14 33 48 65 73
42 14 43 52 63 68 75 79
43 24 57 63 64 68 75
44 38 41 63 68
45 0 14 18 43 47 68
46 15 38 41 43 48 57 68
47 0 19 30 43 63 68
48 17 18 38 41 68
49 14 21 22 41 57 63 68 69
50 2 17 47 54 63 75
51 6 18 21 63 68
52 9 14 21 38 41 54 63 80
53 0 14 41 43 62 63 64 72
54 68
55 19 63 68
56 9 18 75
57 6 9 43 63 68
58 18 27 52 63 68 72
59 8 50 57 63 68 72 78
60 0 6 38
61 18 43 63 68
62 0 4 14 17 18 41 68 69
63 37 54 62 68
64 14 18 43 54 63 78
65 7 13 21 38 63 68 76
66 11 41 43 48 54 62 68 75
67 0 14 41 44 57 59 63 67 68
68 29 43 68
69 21 63 68
70 49 57
71 17 40
72 6 15 43 55 63
73 63
74 7 17 34 57 74
75 17 22 43 52 63
76 37 47
77 29 35 43 53 54 57 63 69 72
78 0 43 49 59 62 63 68 78
79 43 57 63 68 74
80 14 20 21 52 73
81 56
82 14 18 39 53 63 68
83 6 7 17 41 43 54 63
84 27 34 41 43 48 57 63 68 71
85 5 26 27 59 63 68 75
86 42 75
87 21 63 66 68
88 6 20 27 43 68
89 38 41
90 24 69 73
91 11 41 54 63 68
92 15 17 45 50 68 75
93 41 51 68 75
94 1 33 68 71
95 18 31 41 43 57 63 68 75
96 0 4 14 43 61 63 68 73 78
97 15 54 75
98 41 63 72
99 13 15 17 41 47 57 63 68 69
100 0 27 43 57 63 68 75
101 15 31 52 57 63
102 14 17 38 43 52 57 68 79
103 6 7 14 15 52 63
104 17 41 42 50 62 68 72 77
105 9 23 60 62
106 17 42 43 47 53 57 68 72
107 9 35 54 62 63 68
108 14 63 68
109 0 18 46
110 38 41 43 63
111 34 48 51 63 68
112 1 13 63 66 67 75
113 13 38 68 72 73
114 0 8 9 14 16 17 68
115 14 44 48 68 69 72 75
116 0 14 17 38 42 43 63 69
117 0 6 21 54 63 68 75
